#    0.000   0.000   0.000 ;Mean Elev.(m), Avg Gradient(m/km), RMS Gradient(m/km) - SRTM1     
#    0.000   0.000   0.000 ;Mean Elev.(m), Avg Gradient(m/km), RMS Gradient(m/km) - ASTER GDEM
#   66.652  -2.789  13.943 ;Mean Elev.(m), Avg Gradient(m/km), RMS Gradient(m/km) - GMTED2010 
  7 292.194261   5.065634    80.033    80.080  6 52460.10297309 49.847
  9 292.191809   5.055300    78.789    78.706  7 52530.10294807 36.076
 10 292.197951   5.071863    75.419    75.448  7 52565.10296896 51.183
 11 292.188343   5.051510    77.097    76.937  8 52600.10299185 50.919
 12 292.190931   5.053644    74.142    73.986  8 52635.10294915 46.546
 13 292.191214   5.057121    71.161    71.262  5 52670.10295944 32.014
 14 292.194125   5.063488    70.409    70.453  6 52705.10295035 37.958
 15 292.192067   5.053575    70.968    70.991  7 52740.10298343 38.563
 16 292.195316   5.067609    76.596    76.603  7 52775.10293369 46.715
 17 292.190459   5.052642    78.367    78.360  7 52810.10300529 48.097
 18 292.192391   5.053697    79.889    79.873  7 52845.10306159 47.284
 19 292.191147   5.053818    79.688    79.675  8 52880.10309917 50.041
 20 292.194991   5.067359    78.304    78.431  7 52915.10305918 40.783
 21 292.194825   5.067760    77.048    76.616  6 52950.10301870 29.848
 22 292.196126   5.068787    75.592    75.293  7 52985.10304323 33.557
 23 292.194195   5.062354    73.296    73.322  6 53020.10303298 51.548
 24 292.195028   5.068775    70.675    70.703  7 53055.10302098 44.801
 25 292.186487   5.051488    70.996    70.989  7 53090.10305512 41.719
 26 292.193198   5.060672    74.209    74.208  7 53125.10302720 49.146
 27 292.187665   5.050313    78.114    78.133  8 53160.10308616 46.158
 28 292.194120   5.064126    79.525    79.530  7 53195.10308486 52.022
 29 292.195462   5.069649    79.446    79.458  6 53230.10307391 50.958
 30 292.192260   5.054339    78.771    78.835  6 53265.10304203 41.811
 32 292.192597   5.057699    80.736    78.576  6 53335.10306017 22.818
 33 292.194098   5.064679    73.050    73.121  7 53370.10300067 21.392
 35 292.193443   5.059843    71.830    71.808  6 53440.10302022 50.256
 36 292.189134   5.051826    73.531    73.565  8 53475.10308186 35.089
 37 292.192587   5.056648    77.743    77.672  6 53510.10309940 48.349
 38 292.189547   5.052064    78.465    78.421  8 53545.10311520 45.289
 40 292.191355   5.052891    78.469    78.508  7 53615.10304625 40.167
 41 292.193631   5.060545    76.197    76.283  6 53650.10305755 35.164
 42 292.189000   5.052745    75.269    75.206  8 53685.10306679 43.475
 43 292.194745   5.065290    74.959    74.982  6 53720.10299542 50.616
 44 292.197048   5.072037    72.969    73.113  7 53755.10292087 40.000
 45 292.194872   5.068414    71.711    71.878  6 53790.10294997 22.546
 46 292.195224   5.068507    73.315    73.339  7 53825.10290625 43.808
 47 292.190033   5.052812    74.714    74.698  8 53860.10299714 45.477
 48 292.193873   5.062046    77.997    78.010  6 53895.10301674 50.146
 50 292.187937   5.050864    79.645    79.637  8 53965.10304699 50.751
 51 292.193818   5.061883    77.991    78.000  7 54000.10300509 49.758
 52 292.193940   5.063789    76.617    75.870  7 54035.10304928 35.673
 53 292.193585   5.062257    76.477    76.470  6 54070.10304273 52.168
 54 292.192724   5.057778    74.006    73.435  6 54105.10299638 23.217
 55 292.192631   5.055275    71.189    71.329  6 54140.10297366 31.223
 56 292.192736   5.056767    70.763    70.770  6 54175.10297618 49.554
 57 292.191633   5.055738    74.257    74.239  7 54210.10297991 51.780
 58 292.192791   5.056687    77.327    77.350  7 54245.10301116 49.177
 59 292.192783   5.057794    79.434    79.433  7 54280.10302287 45.745
 60 292.193767   5.061976    79.648    79.643  6 54315.10302262 48.697
 61 292.193170   5.059921    78.717    78.677  7 54350.10299097 50.105
 62 292.193362   5.059632    78.012    78.017  6 54385.10296068 50.393
 63 292.192949   5.057064    75.886    75.900  6 54420.10293990 45.639
 64 292.193135   5.057900    73.470    73.671  6 54455.10293204 49.613
 65 292.193247   5.062181    71.783    71.624  6 54490.10294112 21.308
 66 292.193416   5.062616    71.744    71.739  6 54525.10294573 45.720
 67 292.192871   5.058043    71.522    71.521  7 54560.10294937 45.874
 68 292.192331   5.057884    74.014    73.625  6 54595.10294141 23.905
 69 292.192488   5.055590    77.750    77.696  6 54630.10295489 41.162
 70 292.191823   5.053642    79.800    79.760  8 54665.10296103 49.492
 71 292.193783   5.062592    79.216    79.373  7 54700.10293335 44.662
 72 292.192609   5.056474    77.259    77.243  7 54735.10292061 44.097
 73 292.193536   5.060888    76.433    76.438  6 54770.10291278 46.876
 74 292.192095   5.054370    76.676    76.640  7 54805.10291347 44.092
 75 292.192938   5.060183    73.318    73.251  6 54840.10290787 23.924
 76 292.192384   5.055167    73.402    73.327  7 54875.10291442 46.214
 77 292.192197   5.055928    72.738    72.486  7 54910.10291248 47.902
 78 292.191412   5.055320    74.284    74.704  7 54945.10290740 31.116
 79 292.192020   5.055486    75.380    75.283  7 54980.10293424 48.244
 80 292.192674   5.057541    78.063    78.082  7 55015.10293720 51.666
 81 292.192969   5.061036    79.120    79.103  6 55050.10293196 45.411
 82 292.192958   5.058610    78.047    78.043  7 55085.10289864 49.157
 83 292.193654   5.059670    76.055    76.033  6 55120.10286423 38.488
 84 292.192558   5.056162    74.029    73.961  7 55155.10285715 50.483
 85 292.192287   5.055152    72.216    72.204  6 55190.10285295 47.441
 86 292.192543   5.057581    70.649    70.818  6 55225.10285766 30.584
 87 292.193175   5.059942    71.072    71.089  6 55260.10284913 43.393
 88 292.193118   5.058030    71.583    71.554  6 55295.10284377 44.267
 89 292.191416   5.054301    77.301    77.293  7 55330.10283061 43.893
 90 292.193225   5.058730    78.428    78.431  6 55365.10282483 45.935
 91 292.192558   5.056386    79.185    79.155  6 55400.10283574 41.798
 92 292.193898   5.061584    79.500    79.480  6 55435.10284225 47.926
 93 292.193294   5.062243    76.622    76.633  6 55470.10279602 23.117
