#    0.000   0.000   0.000 ;Mean Elev.(m), Avg Gradient(m/km), RMS Gradient(m/km) - SRTM1     
#    0.000   0.000   0.000 ;Mean Elev.(m), Avg Gradient(m/km), RMS Gradient(m/km) - ASTER GDEM
#   15.432  -3.011   5.355 ;Mean Elev.(m), Avg Gradient(m/km), RMS Gradient(m/km) - GMTED2010 
  7 295.019494   7.705921    25.946    26.342 11 52477.60045790 29.978
  8 295.030711   7.695358    26.875    26.964 11 52512.60040208 29.484
  9 295.023497   7.702263    24.560    24.803 11 52547.60044027 28.153
 10 295.025261   7.699108    20.696    20.683 10 52582.60044763 43.196
 11 295.019586   7.703270    20.842    20.575 10 52617.60042009 16.002
 12 295.031049   7.694904    16.520    16.355 11 52652.60039579 19.327
 13 295.024371   7.698101    16.505    16.681 10 52687.60039330 20.936
 14 295.023428   7.700978    16.142    15.704 10 52722.60044022 22.122
 15 295.013985   7.713850    17.431    17.479 10 52757.60045971 19.918
 17 295.027681   7.696003    22.682    22.941 11 52827.60048248 23.263
 18 295.029082   7.695500    26.034    26.194 10 52862.60052778 25.096
 19 295.022135   7.703634    26.270    26.114 10 52897.60055618 26.959
 20 295.020447   7.704066    24.067    24.153 10 52932.60050253 26.249
 21 295.025312   7.698768    22.343    22.245 11 52967.60050854 20.388
 22 295.018247   7.708209    20.502    20.491 11 53002.60053190 17.849
 23 295.020198   7.705352    16.272    15.580 11 53037.60048150 22.421
 24 295.020926   7.696535    15.206    15.672  7 53072.60050886 22.813
 25 295.020002   7.705383    16.506    16.214 10 53107.60048194 21.160
 26 295.025159   7.707785    20.406    20.550  7 53142.60051504 43.492
 27 295.025067   7.699870    23.658    23.482 11 53177.60054006 25.644
 28 295.020775   7.697671    27.089    27.194  7 53212.60056090 26.728
 29 295.023923   7.700493    26.580    26.671 11 53247.60052898 30.040
 30 295.021511   7.703035    25.329    25.334 11 53282.60051831 25.321
 31 295.026146   7.697921    21.874    21.645 11 53317.60052184 18.895
 32 295.027102   7.696720    19.406    19.250 10 53352.60048786 17.779
 33 295.023898   7.701840    16.276    16.248 11 53387.60047988 49.255
 34 295.029467   7.696257    17.082    16.854 11 53422.60048204 20.082
 35 295.028139   7.697033    15.013    14.405 11 53457.60048709 25.621
 36 295.019096   7.712589    20.096    20.117  7 53492.60056936 46.803
 37 295.027754   7.697001    21.841    21.856 10 53527.60055165 14.305
 38 295.017950   7.705929    24.334    24.382  9 53562.60057988 47.101
 39 295.026756   7.697894    24.716    24.641 10 53597.60052090 23.592
 40 295.022336   7.710434    24.736    24.651  6 53632.60051395 41.571
 41 295.020032   7.705011    21.504    21.477 11 53667.60053754 18.814
 42 295.027121   7.697458    21.061    20.981 11 53702.60048428 17.595
 44 295.028633   7.694387    18.179    17.597 11 53772.60040526 17.818
 47 295.026473   7.697717    20.685    20.691 11 53877.60046156 18.418
 48 295.019102   7.707218    23.023    23.051 11 53912.60051160 26.041
 49 295.015785   7.705343    26.442    26.868  9 53947.60052725 30.312
 50 295.022577   7.702774    26.612    26.768 11 53982.60047012 28.430
 51 295.025965   7.698515    23.074    22.975 10 54017.60049808 23.914
 52 295.030641   7.692642    21.279    21.226 11 54052.60049473 20.156
 53 295.024739   7.700162    20.012    19.823 11 54087.60048509 17.824
 54 295.023159   7.702258    16.773    16.163 10 54122.60040805 19.703
 55 295.022175   7.695548    17.110    17.397  8 54157.60044816 21.322
 56 295.023505   7.701967    15.365    15.357 10 54192.60040781 24.407
 57 295.024072   7.701430    18.924    18.367 11 54227.60045812 15.065
 58 295.024478   7.699260    21.483    21.347 10 54262.60047780 18.425
 59 295.024620   7.700317    24.394    24.443 10 54297.60048292 25.295
 60 295.025159   7.699924    26.285    26.210 10 54332.60047284 34.069
 62 295.024676   7.700479    22.551    22.511 11 54402.60041598 26.583
 63 295.022863   7.701097    20.484    20.405 11 54437.60037300 23.695
 64 295.026063   7.697624    19.733    20.113 11 54472.60040175 17.641
 65 295.023832   7.701361    16.097    15.570 10 54507.60038421 30.232
 66 295.025345   7.700086    16.206    15.617 11 54542.60041564 22.590
 67 295.023595   7.700970    15.948    15.397 11 54577.60038609 23.904
 68 295.024721   7.698896    19.011    19.110 11 54612.60040681 20.551
 69 295.023729   7.700718    22.269    22.309 10 54647.60041363 17.055
 70 295.024111   7.701319    25.466    25.644 10 54682.60041379 28.163
 71 295.024216   7.700038    25.074    25.142 10 54717.60036205 27.766
 72 295.024008   7.700449    22.978    22.994 11 54752.60038695 25.306
 73 295.023556   7.701468    21.781    21.646 11 54787.60035242 19.374
 74 295.025105   7.699934    20.507    20.108 11 54822.60038085 21.179
 75 295.024299   7.700197    18.229    17.340 10 54857.60034864 26.545
 76 295.022550   7.701239    16.455    16.327 11 54892.60038389 25.904
 77 295.020343   7.694028    17.562    17.430  6 54927.60034734 22.698
 78 295.023734   7.701366    20.751    20.751  2 54962.60038228 15.575
 79 295.021965   7.702204    20.036    19.945 11 54997.60040356 16.698
 80 295.023300   7.700725    23.396    23.150 11 55032.60039314 25.370
 81 295.024734   7.700857    24.269    24.377 11 55067.60038146 30.224
 82 295.022345   7.703504    22.674    22.517 11 55102.60032081 27.040
 83 295.024451   7.700515    20.621    20.421 10 55137.60032865 26.027
 84 295.023772   7.700660    18.372    17.338 10 55172.60028965 26.740
 85 295.024544   7.700914    16.509    16.042 10 55207.60032271 26.200
 86 295.020431   7.692007    18.131    19.203  5 55242.60029655 20.986
 87 295.021456   7.691646    16.827    16.960  5 55277.60031803 17.490
 88 295.023830   7.701193    19.239    19.167 11 55312.60027930 18.498
 89 295.024703   7.700375    22.089    22.060 11 55347.60028665 48.120
 90 295.023788   7.701442    25.827    26.020 10 55382.60027741 28.105
 91 295.025145   7.700406    26.687    26.990 11 55417.60030532 29.767
 92 295.024401   7.699781    25.754    25.944 11 55452.60028729 31.705
 93 295.024236   7.699464    22.418    22.202 11 55487.60020965 21.435
