# NaN NaN NaN ;Mean Elev.(m), Avg Gradient(m/km), RMS Gradient(m/km) - SRTM1     
# NaN NaN NaN ;Mean Elev.(m), Avg Gradient(m/km), RMS Gradient(m/km) - ASTER GDEM
# NaN NaN NaN ;Mean Elev.(m), Avg Gradient(m/km), RMS Gradient(m/km) - GMTED2010 
  8 292.510338   6.086478    49.486    49.482  3 52499.60673810 51.467
 10 292.510564   6.085965    42.970    42.970  2 52569.60675570 49.889
 13 292.509598   6.086314    36.934    36.929  3 52674.60671441 39.385
 14 292.509698   6.087146    36.343    36.343  2 52709.60673072 51.460
 16 292.509081   6.086093    44.731    44.731  2 52779.60669523 51.461
 18 292.510238   6.086525    49.397    49.394  3 52849.60683150 51.893
 20 292.510270   6.086757    46.719    46.710  3 52919.60682319 49.537
 21 292.516076   6.087586    45.514    45.512  7 52954.60678642 48.987
 22 292.518387   6.085785    45.983    45.821  8 52989.60679692 18.428
 23 292.517102   6.086245    39.059    39.082  7 53024.60677683 26.293
 24 292.518434   6.083706    36.474    36.484  8 53059.60677584 32.566
 26 292.515991   6.085296    41.510    41.521  7 53129.60678437 49.964
 28 292.510157   6.086698    48.864    48.913  3 53199.60685489 30.200
 29 292.518179   6.085958    48.678    48.696  8 53234.60682472 32.537
 30 292.509968   6.085535    47.263    47.297  3 53269.60678998 26.822
 32 292.509090   6.086618    51.563    51.563  2 53339.60682029 13.767
 33 292.512128   6.086286    45.484    46.137  4 53374.60675175 21.383
 34 292.512687   6.084432    37.779    37.753  4 53409.60679462 51.877
 35 292.509473   6.085807    51.232    51.232  2 53444.60677764 13.020
 37 292.509735   6.085470    45.633    45.510  3 53514.60686370 33.481
 39 292.511104   6.085222    49.442    50.549  3 53584.60684538 25.273
 41 292.509401   6.086461    43.509    43.509  2 53654.60682840 47.096
 43 292.511736   6.085893    44.824    43.667  3 53724.60674776 13.598
 44 292.517814   6.085188    39.880    39.312  8 53759.60669051 27.812
 45 292.513810   6.087471    38.323    38.298  6 53794.60670897 50.151
 46 292.514914   6.088285    39.868    39.914  7 53829.60668482 44.146
 48 292.509761   6.085466    46.620    46.647  3 53899.60679014 48.628
 51 292.513800   6.087599    45.998    46.018  6 54004.60677738 48.875
 52 292.514276   6.088976    46.870    47.111  6 54039.60680965 25.458
 53 292.510798   6.086014    43.950    43.950  2 54074.60680482 38.847
 55 292.510034   6.085206    37.161    37.108  3 54144.60674288 41.883
 56 292.508956   6.087364    36.475    36.475  2 54179.60673433 48.915
 57 292.509524   6.086941    47.565    47.565  2 54214.60675001 16.847
 58 292.509600   6.086214    45.188    45.184  3 54249.60677765 46.528
 59 292.511089   6.086345    49.124    49.126  3 54284.60678558 50.078
 60 292.511414   6.085205    48.628    48.625  4 54319.60678305 47.326
 61 292.510483   6.085249    47.671    47.674  3 54354.60674593 43.130
 62 292.511083   6.085719    47.227    46.335  4 54389.60672344 34.731
 63 292.510098   6.086311    48.456    51.044  3 54424.60669597 20.100
 64 292.511472   6.085539    51.801    50.404  4 54459.60669901 15.063
 65 292.511051   6.086694    50.547    50.633  3 54494.60670090 14.043
 66 292.512284   6.084992    37.545    37.545  4 54529.60671189 45.719
 67 292.509838   6.086965    37.053    37.053  2 54564.60670716 50.894
 68 292.510249   6.086241    41.428    41.481  3 54599.60670694 38.559
 69 292.508607   6.085221    46.106    46.106  2 54634.60672006 34.505
 70 292.508945   6.085790    49.809    49.809  2 54669.60672428 33.214
 71 292.511071   6.084822    49.412    50.313  3 54704.60668764 26.003
 72 292.510893   6.086450    45.793    45.770  3 54739.60668717 41.665
 73 292.510783   6.084406    44.337    44.335  3 54774.60666947 48.989
 74 292.510302   6.085596    43.429    43.636  3 54809.60668051 21.203
 75 292.509946   6.085433    51.169    51.153  3 54844.60666750 12.709
 76 292.508756   6.085348    46.638    46.638  2 54879.60668440 15.520
 80 292.511006   6.085488    46.943    46.870  3 55019.60669700 30.045
 81 292.510891   6.084693    48.468    48.461  3 55054.60669307 48.083
 82 292.508772   6.084912    46.443    46.443  2 55089.60665358 39.669
 83 292.510980   6.084669    43.945    43.912  3 55124.60663118 44.926
 84 292.509019   6.086007    51.549    51.549  2 55159.60661441 11.303
 85 292.510417   6.085887    39.273    38.031  3 55194.60662082 15.882
 86 292.508508   6.085463    36.377    36.377  2 55229.60661724 36.893
 87 292.511185   6.087222    36.415    36.442  3 55264.60661580 50.885
 88 292.510737   6.087218    51.391    50.830  3 55299.60659864 15.669
 89 292.509232   6.086338    44.034    44.108  3 55334.60659309 27.251
 90 292.510809   6.086243    47.543    47.571  3 55369.60658427 25.989
 91 292.511299   6.084986    49.253    49.247  3 55404.60660133 46.380
 92 292.511294   6.085826    48.594    48.592  4 55439.60660244 43.019
 93 292.510827   6.087116    44.868    44.910  3 55474.60654842 30.330
