#    0.000   0.000   0.000 ;Mean Elev.(m), Avg Gradient(m/km), RMS Gradient(m/km) - SRTM1     
#    0.000   0.000   0.000 ;Mean Elev.(m), Avg Gradient(m/km), RMS Gradient(m/km) - ASTER GDEM
#    8.011  -3.015  22.149 ;Mean Elev.(m), Avg Gradient(m/km), RMS Gradient(m/km) - GMTED2010 
  8 297.862722   8.654150     8.357     8.209 11 52499.08571169 33.594
 10 297.863300   8.648767     6.068     6.078 13 52569.08572638 31.887
 11 297.863720   8.635498     4.801     4.740  6 52604.08571005 32.758
 12 297.863657   8.630085     3.516     3.516  2 52639.08568828 17.479
 13 297.862967   8.646349     2.245     1.919 12 52674.08568831 28.340
 14 297.862961   8.640990     1.639     1.373 10 52709.08570108 24.497
 18 297.862770   8.641572     8.111     8.103  9 52849.08580315 48.601
 20 297.863356   8.650701     7.699     7.650 13 52919.08579677 33.116
 21 297.865145   8.656032     5.934     5.950 13 52954.08576065 29.014
 22 297.866864   8.670934     4.104     4.044  8 52989.08577114 30.107
 23 297.866448   8.663632     3.170     3.181 12 53024.08575525 18.304
 24 297.866400   8.667800     2.386     2.175 10 53059.08575265 15.932
 26 297.865446   8.655583     3.125     2.978 13 53129.08575988 15.186
 28 297.863241   8.645366     7.980     7.818 12 53199.08582686 31.966
 29 297.867071   8.668655     8.079     8.111  9 53234.08580120 42.813
 30 297.863207   8.648145     8.095     7.946 12 53269.08576453 37.687
 32 297.863212   8.643741     4.905     4.733 11 53339.08579303 34.109
 33 297.864799   8.654810     4.136     4.172 13 53374.08572723 19.463
 35 297.862891   8.653140     2.517     2.655 12 53444.08575215 24.192
 37 297.862676   8.645691     4.888     4.772 11 53514.08583687 33.650
 39 297.863339   8.651871     7.364     7.358 13 53584.08582026 29.219
 40 297.864339   8.631942     7.760     7.433  5 53619.08577305 39.971
 41 297.862848   8.642026     6.483     6.455 10 53654.08579945 44.661
 42 297.863745   8.630258     4.610     4.610  2 53689.08579376 22.897
 43 297.864717   8.655050     3.908     3.969 14 53724.08572310 46.564
 44 297.866058   8.663029     2.333     2.691 12 53759.08566521 33.081
 45 297.865133   8.656246     2.199     1.972 13 53794.08568403 39.113
 46 297.864535   8.652596     1.949     1.564 13 53829.08565734 26.463
 48 297.862737   8.646015     5.119     5.110 11 53899.08576188 36.761
 51 297.863387   8.651776     7.380     7.358 13 54004.08575076 29.871
 52 297.864452   8.652606     5.922     5.996 14 54039.08578419 26.130
 53 297.863371   8.651594     4.867     4.706 13 54074.08577812 28.811
 54 297.863056   8.647116     4.025     4.028 12 54109.08572331 28.039
 55 297.863147   8.642773     1.914     1.545 11 54144.08571427 28.566
 56 297.862656   8.648489     2.560     2.512 10 54179.08570795 26.272
 57 297.862774   8.641044     2.092     2.016  9 54214.08572132 22.876
 58 297.862639   8.643444     3.504     3.566 10 54249.08575025 36.452
 59 297.863442   8.648781     6.168     6.232 13 54284.08575915 30.158
 60 297.863641   8.651829     8.225     7.992 13 54319.08575695 47.591
 61 297.863441   8.652260     8.265     8.279 13 54354.08572080 32.989
 62 297.863331   8.649974     7.506     7.594 13 54389.08569673 29.921
 63 297.863072   8.649182    11.760    12.278 12 54424.08566985 22.914
 64 297.863168   8.648496     3.183     3.105 13 54459.08567161 43.293
 65 297.863678   8.651046     2.997     3.460 14 54494.08567466 31.864
 66 297.863846   8.651417     3.089     3.238 14 54529.08568482 22.890
 67 297.862913   8.650276     2.480     2.276 13 54564.08568170 27.442
 68 297.863038   8.645412     2.452     2.273 11 54599.08567987 24.399
 69 297.862677   8.642312     9.703     9.863 10 54634.08569170 34.363
 70 297.862955   8.642649     7.047     7.058 10 54669.08569656 42.333
 71 297.863945   8.651876     8.088     7.973 13 54704.08566250 39.782
 72 297.862923   8.646790     7.852     7.829 12 54739.08565977 33.603
 73 297.863853   8.651874     5.225     5.163 13 54774.08564304 32.271
 74 297.862840   8.643212     6.101     5.770 11 54809.08565214 41.053
 75 297.863171   8.648932     5.465     5.525 13 54844.08564107 25.988
 76 297.862863   8.640811     3.629     3.526  9 54879.08565507 23.426
 77 297.862770   8.643865     3.421     3.504 10 54914.08564367 19.623
 78 297.863882   8.634430     2.020     2.040  6 54949.08564646 26.795
 79 297.864160   8.632566     3.396     3.264  4 54984.08567138 21.174
 80 297.863402   8.649457     5.326     5.146 13 55019.08567057 43.297
 81 297.863258   8.651661     7.141     7.014 13 55054.08566728 51.407
 82 297.863257   8.645991     6.692     6.692 12 55089.08562714 34.240
 83 297.863387   8.649607     5.751     5.842 13 55124.08560346 29.262
 84 297.862775   8.646635     4.185     4.165 11 55159.08558765 27.337
 85 297.862765   8.644264     2.563     2.960 10 55194.08559278 26.863
 87 297.863005   8.650448     1.729     1.659 13 55264.08558872 23.034
 88 297.863127   8.651825     2.042     1.790 13 55299.08557414 17.799
 89 297.862792   8.643365     3.740     3.733 11 55334.08556601 33.536
 90 297.863165   8.650521     7.041     6.968 14 55369.08555815 30.087
 91 297.863223   8.647685     8.030     7.953 13 55404.08557425 32.156
 92 297.863562   8.652024     8.336     8.359 13 55439.08557697 32.126
 93 297.863832   8.651504     7.672     7.528 13 55474.08552327 30.584
