#    0.000   0.000   0.000 ;Mean Elev.(m), Avg Gradient(m/km), RMS Gradient(m/km) - SRTM1     
#    0.000   0.000   0.000 ;Mean Elev.(m), Avg Gradient(m/km), RMS Gradient(m/km) - ASTER GDEM
#   37.813  -2.505   8.772 ;Mean Elev.(m), Avg Gradient(m/km), RMS Gradient(m/km) - GMTED2010 
  6 292.633963   6.263445    45.001    44.923  5 52441.10124117 35.838
  7 292.638690   6.263484    47.847    47.860  7 52476.10123790 40.810
  8 292.648441   6.271366    47.305    47.325  7 52511.10119151 45.777
  9 292.644374   6.266878    44.619    44.820  7 52546.10121101 36.837
 10 292.642274   6.268405    42.256    42.249  7 52581.10123373 49.067
 11 292.640381   6.265014    42.267    42.256  7 52616.10120294 22.459
 12 292.648028   6.270621    38.461    38.092  7 52651.10118085 27.039
 13 292.646422   6.271041    35.375    35.227  7 52686.10117115 28.760
 14 292.641923   6.267722    36.308    35.511  7 52721.10122061 30.824
 15 292.632362   6.263439    38.921    38.915  4 52756.10124321 48.890
 16 292.642884   6.268927    44.696    44.687  7 52791.10119390 45.900
 17 292.645352   6.268813    46.056    46.035  7 52826.10126291 45.659
 18 292.646933   6.269834    47.441    47.447  7 52861.10130867 48.599
 19 292.641147   6.266978    46.187    46.184  7 52896.10133855 45.449
 20 292.641081   6.265873    44.432    44.457  7 52931.10128628 49.180
 21 292.644897   6.270024    43.623    43.607  7 52966.10128327 48.685
 22 292.637706   6.262011    39.442    39.519  7 53001.10131240 34.684
 23 292.641071   6.265864    36.610    36.608  7 53036.10126262 44.518
 24 292.643114   6.266063    37.858    38.614  7 53071.10128392 31.403
 25 292.640772   6.266682    38.125    37.032  7 53106.10126371 20.052
 26 292.643618   6.266836    42.533    42.572  7 53141.10129161 49.530
 28 292.641423   6.266219    47.359    47.365  6 53211.10134039 48.376
 29 292.644611   6.268181    46.731    46.715  7 53246.10130867 49.403
 30 292.640528   6.266420    45.051    45.017  7 53281.10129362 40.132
 31 292.644045   6.267533    42.251    42.238  7 53316.10130570 51.186
 32 292.647033   6.270298    41.012    41.044  8 53351.10127177 45.580
 33 292.642662   6.265599    40.218    39.887  7 53386.10125557 29.321
 34 292.650273   6.270679    39.626    39.422  8 53421.10125980 19.011
 35 292.645615   6.270103    37.783    37.095  7 53456.10126532 24.665
 36 292.637246   6.259663    42.203    42.193  8 53491.10134892 47.314
 37 292.646403   6.270586    44.153    44.237  7 53526.10133391 48.477
 38 292.638038   6.260854    45.513    45.507  7 53561.10136033 46.243
 39 292.648020   6.271768    45.818    45.787  7 53596.10130061 29.997
 40 292.638500   6.262459    45.277    45.188  8 53631.10129339 46.996
 41 292.639491   6.265453    41.997    42.387  7 53666.10131680 41.921
 42 292.646463   6.268945    42.776    42.743  7 53701.10126828 29.184
 43 292.648327   6.272108    39.818    39.349  8 53736.10117918 29.150
 44 292.648499   6.270298    39.187    39.121  8 53771.10118263 29.755
 45 292.646991   6.271535    36.978    36.765  7 53806.10117443 24.962
 47 292.645024   6.269094    42.729    42.791  7 53876.10124176 18.432
 48 292.638251   6.262457    45.701    45.737  8 53911.10128947 43.538
 49 292.635605   6.262167    47.785    47.756  7 53946.10130796 44.668
 50 292.642170   6.268262    46.351    46.362  7 53981.10125400 49.141
 51 292.644206   6.269406    43.463    43.434  7 54016.10127594 46.898
 52 292.650302   6.271651    42.339    42.312  7 54051.10127564 46.351
 53 292.644304   6.269811    41.166    41.203  6 54086.10126731 40.508
 54 292.644380   6.269055    37.384    37.377  6 54121.10119327 40.138
 55 292.642527   6.268692    35.182    35.213  7 54156.10122675 32.190
 56 292.644122   6.269810    35.603    35.613  7 54191.10119090 26.857
 57 292.642785   6.266627    40.144    40.170  7 54226.10123757 41.417
 58 292.643890   6.267045    44.148    44.112  7 54261.10125796 42.991
 59 292.644272   6.268404    48.097    48.105  8 54296.10126210 46.487
 60 292.645259   6.270085    46.408    46.438  7 54331.10125403 49.336
 61 292.644653   6.266867    45.503    45.509  7 54366.10119694 43.299
 62 292.645070   6.267793    43.969    44.269  7 54401.10119557 35.920
 63 292.644188   6.268044    41.378    40.755  7 54436.10115281 31.275
 64 292.645403   6.269427    39.966    39.324  7 54471.10118016 26.972
 65 292.644691   6.268052    37.595    37.393  7 54506.10116574 35.761
 66 292.645346   6.267720    36.707    35.768  7 54541.10119451 36.710
 67 292.644902   6.267354    37.196    36.348  7 54576.10116740 36.567
 68 292.644342   6.267100    40.956    40.781  7 54611.10118676 38.221
 69 292.643151   6.268411    45.360    45.352  7 54646.10119397 47.674
 70 292.643161   6.269250    46.944    46.862  7 54681.10119534 32.805
 71 292.645490   6.268439    45.728    45.678  7 54716.10114483 32.249
 72 292.643206   6.266880    43.224    43.234  7 54751.10116608 46.152
 73 292.644694   6.267729    42.863    42.871  7 54786.10113337 50.164
 74 292.644298   6.266874    42.153    42.571  7 54821.10115939 33.443
 75 292.644872   6.268880    39.036    38.499  8 54856.10113040 35.645
 76 292.642481   6.267531    37.207    37.234  7 54891.10116301 47.688
 77 292.642946   6.268364    39.108    38.082  7 54926.10112865 28.975
 78 292.642584   6.266267    39.372    39.268  7 54961.10116195 41.407
 79 292.641521   6.266310    42.017    42.028  7 54996.10118325 35.088
 80 292.643295   6.267611    46.565    46.541  7 55031.10117280 44.910
 81 292.644546   6.269019    46.499    46.530  7 55066.10116329 36.497
 82 292.642898   6.268796    43.741    43.758  7 55101.10110486 38.756
 83 292.643552   6.268789    41.570    41.589  7 55136.10110833 45.374
 84 292.645066   6.267352    39.213    38.680  7 55171.10107080 37.645
 85 292.643719   6.266457    38.528    39.170  7 55206.10110188 37.568
 86 292.643514   6.268694    35.879    34.864  7 55241.10107677 30.222
 87 292.643540   6.267986    35.634    35.684  7 55276.10109565 48.594
 88 292.644488   6.268552    42.334    41.800  8 55311.10106166 39.958
 89 292.644422   6.269134    44.962    44.975  7 55346.10106580 45.733
 90 292.643947   6.268712    46.604    46.611  7 55381.10105784 46.913
 91 292.644103   6.266455    47.080    47.101  7 55416.10108447 49.207
 92 292.644696   6.269938    45.261    45.320  7 55451.10106952 29.534
 93 292.645303   6.270777    42.293    42.302  7 55486.10099318 46.858
