#    0.000   0.000   0.000 ;Mean Elev.(m), Avg Gradient(m/km), RMS Gradient(m/km) - SRTM1     
#    0.000   0.000   0.000 ;Mean Elev.(m), Avg Gradient(m/km), RMS Gradient(m/km) - ASTER GDEM
#    9.333   0.331   2.869 ;Mean Elev.(m), Avg Gradient(m/km), RMS Gradient(m/km) - GMTED2010 
  7 298.100276   8.624367     5.945     6.018  5 52471.59229050 25.329
  8 298.102683   8.625028    -0.502    -0.586  5 52506.59226822 25.808
  9 298.109802   8.621550     6.031     6.038  3 52541.59225106 23.960
 10 298.100043   8.625753     4.003     3.873  4 52576.59229935 19.702
 11 298.101482   8.623504     3.969     3.603  5 52611.59226253 20.619
 12 298.104549   8.624065     1.461     1.420  4 52646.59224848 30.797
 13 298.110668   8.620545     3.176     3.074  4 52681.59222002 20.706
 15 298.093064   8.630303     3.272     3.172  3 52751.59230099 14.017
 16 298.103326   8.624296     3.451     3.370  5 52786.59224579 16.403
 17 298.103540   8.622524     4.489     4.512  5 52821.59231959 24.708
 18 298.106187   8.621452     5.932     6.019  4 52856.59236713 27.265
 19 298.100476   8.625855     6.543     6.422  5 52891.59239890 26.318
 20 298.100856   8.624494     5.490     5.516  4 52926.59235160 24.391
 21 298.111466   8.621356     4.510     4.468  3 52961.59232016 22.567
 22 298.101392   8.622776     3.559     3.927  5 52996.59236090 24.619
 23 298.101390   8.623063     1.307     1.318  5 53031.59232132 41.198
 24 298.107062   8.623158     1.477     1.418  4 53066.59233001 23.536
 25 298.099269   8.625584     3.061     2.458  5 53101.59232714 17.648
 26 298.108698   8.622531     2.603     2.481  4 53136.59233159 14.836
 27 298.101686   8.624400     4.600     4.561  5 53171.59238206 25.250
 28 298.101556   8.622762     5.928     5.938  5 53206.59239614 26.146
 29 298.107018   8.624454     6.018     5.990  4 53241.59236327 26.029
 30 298.105726   8.624859     5.672     5.546  4 53276.59233419 24.281
 31 298.100829   8.623933     4.690     4.630  5 53311.59237423 21.745
 32 298.104456   8.623310     3.729     3.403  5 53346.59234018 16.618
 33 298.106556   8.623148     3.299     3.419  4 53381.59229941 16.793
 34 298.109719   8.621501     1.575     1.473  4 53416.59231858 23.723
 35 298.106390   8.622363     1.582     1.522  4 53451.59231653 26.264
 36 298.097174   8.628204     3.095     2.856  4 53486.59240066 13.852
 37 298.106057   8.623785     3.458     3.487  4 53521.59239372 17.880
 38 298.097410   8.628530     4.906     4.815  4 53556.59241787 30.430
 39 298.110283   8.621742     5.357     5.394  3 53591.59235698 25.182
 40 298.098733   8.625655     5.636     5.669  5 53626.59234446 33.334
 41 298.101378   8.623376     4.096     4.091  5 53661.59237069 25.249
 42 298.102911   8.622392     3.728     3.585  5 53696.59233916 17.715
 43 298.106620   8.623057     2.013     2.086  4 53731.59226160 32.687
 44 298.109896   8.621312     3.938     3.911  4 53766.59223439 18.317
 45 298.107312   8.623808     1.606     1.397  4 53801.59223557 22.080
 46 298.104910   8.623402     2.422     2.020  5 53836.59224376 25.337
 47 298.103605   8.622904     2.606     2.552  4 53871.59229905 15.890
 48 298.100852   8.625421     4.279     4.172  5 53906.59233749 23.321
 49 298.094907   8.627804     6.675     6.654  3 53941.59236581 27.620
 50 298.100985   8.625089     6.752     6.787  5 53976.59232143 27.678
 51 298.106644   8.624561     4.988     4.935  4 54011.59232400 22.092
 52 298.109808   8.621048     4.044     4.017  4 54046.59233844 24.132
 53 298.103058   8.622958     3.879     3.584  5 54081.59233109 19.943
 54 298.103063   8.623666     3.239     3.081  5 54116.59226327 25.564
 55 298.102340   8.621935     2.072     1.671  5 54151.59228204 29.859
 56 298.103270   8.623813     1.446     1.040  5 54186.59225605 32.332
 57 298.102822   8.622495     2.361     1.993  5 54221.59229097 20.590
 58 298.103794   8.623670     3.375     3.314  5 54256.59231365 18.993
 59 298.105457   8.622989     5.166     5.142  4 54291.59231615 25.430
 60 298.105678   8.623164     5.909     5.951  4 54326.59231298 26.684
 61 298.103801   8.624009     6.041     6.093  5 54361.59226376 26.626
 62 298.105724   8.623980     4.921     4.867  4 54396.59225295 22.362
 63 298.104987   8.623230     3.954     3.841  4 54431.59221407 18.401
 64 298.106607   8.624553     3.692     3.866  4 54466.59223376 17.806
 65 298.104885   8.624437     1.897     1.831  4 54501.59222771 22.974
 66 298.105364   8.622972     1.586     1.555  4 54536.59224915 31.336
 67 298.104407   8.622968     1.207     1.165  4 54571.59222955 28.838
 68 298.103870   8.623235     3.039     2.560  5 54606.59224274 16.024
 69 298.103453   8.624138     3.936     3.871  5 54641.59225201 18.812
 70 298.103059   8.624558     5.748     5.691  5 54676.59225368 27.294
 71 298.105393   8.622952     5.995     6.044  4 54711.59220892 25.975
 72 298.103389   8.622378     5.009     5.001  5 54746.59222273 24.823
 73 298.104835   8.622197     3.914     3.800  4 54781.59219502 19.840
 74 298.104715   8.623956     4.079     3.866  5 54816.59221488 17.941
 75 298.104370   8.622909     2.633     3.012  5 54851.59219267 24.707
 76 298.102496   8.622387     2.680     2.258  5 54886.59221995 29.211
 77 298.101433   8.624193     2.641     2.886  5 54921.59219304 22.545
 78 298.103610   8.624421     2.898     2.328  5 54956.59221464 16.917
 79 298.101365   8.623578     2.809     2.718  5 54991.59223852 17.503
 80 298.104606   8.623566     3.990     3.950  4 55026.59222917 21.572
 81 298.104672   8.624351     5.144     5.197  4 55061.59222191 26.507
 82 298.102591   8.623892     5.080     5.027  5 55096.59217180 25.551
 83 298.103967   8.624213     3.712     3.403  5 55131.59216544 16.077
 84 298.105178   8.623165     2.969     2.786  4 55166.59213385 14.964
 85 298.103493   8.623193     1.214     1.164  5 55201.59215755 32.629
 86 298.102527   8.621691     1.121     1.014  5 55236.59214127 35.747
 87 298.103596   8.622381     1.884     1.711  5 55271.59215184 26.569
 88 298.104612   8.623960     1.370     1.120  5 55306.59212167 30.629
 89 298.104771   8.623482     3.530     3.455  5 55341.59212196 16.998
 90 298.104365   8.623375     4.919     4.973  4 55376.59211531 24.761
 91 298.105648   8.624618     6.470     6.496  4 55411.59213775 27.382
 92 298.104832   8.623369     6.346     6.430  4 55446.59213028 27.833
 93 298.104144   8.622751     4.834     4.852  4 55481.59206266 24.850
