#    0.000   0.000   0.000 ;Mean Elev.(m), Avg Gradient(m/km), RMS Gradient(m/km) - SRTM1     
#    0.000   0.000   0.000 ;Mean Elev.(m), Avg Gradient(m/km), RMS Gradient(m/km) - ASTER GDEM
#    8.581 -10.418  52.445 ;Mean Elev.(m), Avg Gradient(m/km), RMS Gradient(m/km) - GMTED2010 
  8 297.876365   8.593016    12.316    12.506  6 52499.08569976 36.327
 10 297.875471   8.594239     7.812     6.580  6 52569.08571574 30.859
 11 297.873308   8.592531     5.649     5.318  6 52604.08570167 21.249
 12 297.872144   8.592083     5.017     4.725  5 52639.08568087 17.716
 13 297.874768   8.593472     4.711     3.767  6 52674.08567800 19.100
 14 297.874395   8.589766     3.192     3.312  3 52709.08569109 17.874
 15 297.869487   8.590222     4.799     4.373  5 52744.08572025 13.217
 17 297.871135   8.591005     6.079     5.947  4 52814.08574032 20.899
 18 297.873470   8.593654    10.412     9.794  6 52849.08579380 43.861
 19 297.871510   8.592685    10.880    10.256  5 52884.08582921 42.199
 20 297.876260   8.592867     9.116     8.296  6 52919.08578549 32.060
 21 297.878798   8.594894     7.837     6.748  6 52954.08574872 22.097
 22 297.883465   8.596579     5.636     5.605  7 52989.08575664 21.598
 23 297.881566   8.595889     5.547     4.912  7 53024.08574203 28.203
 24 297.882264   8.596743     4.784     4.044  7 53059.08573879 27.478
 25 297.869052   8.590581     4.740     4.980  5 53094.08577559 13.517
 26 297.879097   8.594447     6.175     6.388  6 53129.08574796 16.207
 28 297.875045   8.592491     8.722     8.139  6 53199.08581655 29.782
 29 297.883297   8.595953     9.836     9.568  7 53234.08578702 25.930
 30 297.875005   8.595267    11.000    10.891  6 53269.08575421 39.679
 32 297.874643   8.592516     7.579     8.231  6 53339.08578304 26.261
 33 297.878070   8.595325     5.936     5.216  7 53374.08571562 19.069
 35 297.876161   8.593657     6.728     7.735  6 53444.08574054 20.549
 36 297.869177   8.589572     2.699     2.630  5 53479.08581737 18.968
 37 297.874110   8.594467     5.279     5.227  6 53514.08582687 15.438
 38 297.870119   8.591277     8.864     7.700  5 53549.08584506 28.214
 39 297.876247   8.594036     8.832     7.801  6 53584.08580898 30.897
 40 297.873184   8.592279     8.392     8.219  5 53619.08576532 30.973
 41 297.873916   8.592456     9.703     9.877  6 53654.08578978 44.761
 42 297.872226   8.592248     4.756     4.440  5 53689.08578635 23.445
 43 297.877987   8.595562     4.304     3.883  6 53724.08571149 22.023
 44 297.881185   8.595279     5.860     5.619  7 53759.08565200 26.692
 45 297.878778   8.595111     5.502     4.292  6 53794.08567210 18.357
 46 297.877451   8.594764     3.618     3.464  6 53829.08564606 21.239
 47 297.871875   8.591288     4.591     4.072  5 53864.08572645 13.981
 48 297.874538   8.593143     7.150     5.686  5 53899.08575157 24.024
 49 297.866516   8.585494    10.061     9.871  4 53934.08579512 31.166
 50 297.870678   8.589557    10.644    10.583  5 53969.08576649 39.710
 51 297.876304   8.593946     8.956     8.467  6 54004.08573948 29.697
 52 297.877364   8.594769     6.640     6.814  7 54039.08577291 24.254
 53 297.876277   8.593762     5.573     5.747  6 54074.08576683 17.726
 54 297.874851   8.594240     5.492     4.518  6 54109.08571299 16.909
 55 297.874214   8.593198     4.052     3.605  5 54144.08570460 17.898
 56 297.875191   8.592307     6.523     6.758  6 54179.08569699 26.773
 57 297.872733   8.596432     3.245     3.186  4 54214.08571262 16.319
 58 297.874072   8.592220     4.528     4.573  5 54249.08574026 20.183
 59 297.875613   8.594250     6.584     6.593  6 54284.08574851 21.154
 60 297.876549   8.593995     9.867     9.783  6 54319.08574567 44.707
 61 297.876345   8.594425     9.664     9.048  6 54354.08570951 27.580
 62 297.875506   8.595444     8.842     7.579  6 54389.08568609 23.196
 63 297.875611   8.593001     8.652     8.697  6 54424.08565889 31.188
 64 297.875343   8.593968     5.899     5.234  6 54459.08566097 28.984
 65 297.876215   8.594864     4.363     3.669  6 54494.08566370 21.110
 66 297.876388   8.595237     4.022     3.786  6 54529.08567386 19.606
 67 297.875447   8.594093     4.956     4.002  7 54564.08567074 19.023
 68 297.874470   8.594187     5.038     3.798  6 54599.08566988 17.598
 69 297.873743   8.592742     6.453     6.754  6 54634.08568203 27.532
 70 297.874019   8.593078     8.070     7.471  6 54669.08568689 23.699
 71 297.876852   8.594046     9.347     9.442  6 54704.08565122 31.965
 72 297.874728   8.593913     9.103     7.997  6 54739.08564945 26.064
 73 297.876762   8.594044     7.821     7.765  6 54774.08563176 24.031
 74 297.874277   8.591989     6.125     6.154  6 54809.08564215 29.610
 75 297.875341   8.594404     7.268     5.924  6 54844.08563043 19.795
 76 297.873558   8.592891     4.639     4.713  6 54879.08564572 19.901
 77 297.873831   8.594294     4.721     4.917  6 54914.08563400 17.474
 78 297.873104   8.593124     4.372     3.934  5 54949.08563840 15.244
 79 297.873012   8.592909     4.330     3.220  6 54984.08566364 19.449
 80 297.875573   8.594929     7.680     6.953  6 55019.08565993 41.511
 81 297.876166   8.593827     9.274     8.520  6 55054.08565600 44.612
 82 297.875055   8.593115     8.319     7.259  6 55089.08561683 26.944
 83 297.875562   8.595077     7.387     6.275  6 55124.08559282 21.060
 84 297.874576   8.593759     4.611     4.037  5 55159.08557734 19.719
 85 297.874202   8.593039     5.185     3.870  5 55194.08558278 17.960
 87 297.875915   8.592616     3.171     3.060  6 55264.08557744 20.086
 88 297.876035   8.593995     3.022     2.986  6 55299.08556286 17.945
 89 297.874225   8.592140     6.179     6.225  6 55334.08555602 23.249
 90 297.875705   8.594339     7.756     7.010  6 55369.08554720 20.566
 91 297.875397   8.593158     9.572     8.836  6 55404.08556362 32.371
 92 297.876470   8.594189    10.016     8.807  6 55439.08556569 26.950
 93 297.876734   8.593668     8.855     8.391  6 55474.08551199 28.631
