#    0.000   0.000   0.000 ;Mean Elev.(m), Avg Gradient(m/km), RMS Gradient(m/km) - SRTM1     
#    0.000   0.000   0.000 ;Mean Elev.(m), Avg Gradient(m/km), RMS Gradient(m/km) - ASTER GDEM
#   13.111  -6.898  12.294 ;Mean Elev.(m), Avg Gradient(m/km), RMS Gradient(m/km) - GMTED2010 
  8    41.292 52486.09157572  3.26 295.857793   7.971948  4.362
  8    20.578 52486.09157636 24.47 295.857053   7.975248  4.362
  8    20.271 52486.09157701 26.27 295.856323   7.978558  4.362
  8    18.268 52486.09157765 29.40 295.855585   7.981856  9.060
  8    19.540 52486.09157830 24.03 295.854855   7.985166  9.060
  8    19.422 52486.09157894 23.57 295.854115   7.988466  9.060
  8    19.025 52486.09157959 22.38 295.853375   7.991776  9.060
  8    18.988 52486.09158023 21.66 295.852645   7.995076  9.060
  8    19.760 52486.09158088 22.11 295.851905   7.998386  9.060
  9    41.916 52521.09154272 13.99 295.858043   7.971979 11.744
  9    41.131 52521.09154336 16.34 295.857303   7.975289 11.744
  9    42.076 52521.09154401 10.64 295.856573   7.978589 11.744
  9    21.429 52521.09154530 37.62 295.855103   7.985199 11.744
  9    21.827 52521.09154594 34.68 295.854363   7.988509 11.744
  9    22.104 52521.09154659 34.15 295.853623   7.991809 11.744
  9    22.198 52521.09154723 34.07 295.852893   7.995119 11.744
  9    22.076 52521.09154788 36.61 295.852153   7.998419 11.744
  9    22.324 52521.09154852 37.59 295.851423   8.001729 11.744
 11    16.335 52591.09158577 14.52 295.853561   7.976243  3.933
 11    16.093 52591.09158641 17.22 295.852831   7.979543  3.933
 11    15.539 52591.09158706 18.66 295.852091   7.982853  3.933
 11    15.501 52591.09158770 18.14 295.851351   7.986153  3.933
 11    15.372 52591.09158834 18.28 295.850621   7.989463  3.933
 11    15.344 52591.09158899 16.05 295.849881   7.992763  3.933
 11    14.643 52591.09158963 15.89 295.849151   7.996073  3.933
 11    14.469 52591.09159028 15.32 295.848411   7.999373  3.933
 12    34.416 52626.09150637  0.80 295.865687   7.970283  2.402
 12    14.750 52626.09150702 11.12 295.864947   7.973593  2.402
 12    12.875 52626.09150766 13.84 295.864217   7.976893  2.402
 12    12.376 52626.09150830 14.58 295.863477   7.980203  2.402
 12    12.457 52626.09150895 14.28 295.862742   7.983502  6.993
 12    12.628 52626.09150959 14.63 295.862002   7.986812  6.993
 12    12.299 52626.09151024 14.45 295.861272   7.990112  6.993
 12    13.532 52626.09151088 14.73 295.860532   7.993422  6.993
 12    13.095 52626.09151153 15.41 295.859802   7.996722  6.993
 13     9.361 52661.09154956 17.10 295.857341   7.972318  7.936
 13     9.414 52661.09155020 20.40 295.856601   7.975618  7.936
 13     9.429 52661.09155085 20.82 295.855861   7.978928  7.936
 13     9.301 52661.09155149 19.75 295.855131   7.982228  7.936
 13     9.455 52661.09155214 17.98 295.854391   7.985538  7.936
 13     9.564 52661.09155278 16.67 295.853661   7.988838  7.936
 13     8.880 52661.09155343 16.54 295.852921   7.992148  7.936
 14     7.925 52696.09152800 21.52 295.859631   7.970482  3.732
 14     6.682 52696.09152865 29.08 295.858891   7.973782  3.732
 14     7.531 52696.09152929 24.16 295.858151   7.977092  3.732
 14     8.126 52696.09152994 20.07 295.857422   7.980389 14.607
 14     8.425 52696.09153058 20.16 295.856682   7.983699 14.607
 14     7.939 52696.09153122 18.70 295.855942   7.986999 14.607
 14     8.155 52696.09153187 17.84 295.855212   7.990309 14.607
 15    10.972 52731.09155505 17.38 295.864627   7.968538  6.730
 15     7.552 52731.09155570 17.69 295.863887   7.971838  6.730
 15     7.663 52731.09155634 18.29 295.863157   7.975148  6.730
 15     7.227 52731.09155699 18.05 295.862417   7.978448  6.730
 15     7.416 52731.09155763 18.37 295.861677   7.981758  6.730
 15     7.313 52731.09155828 17.97 295.860947   7.985058  6.730
 15     6.683 52731.09155892 18.73 295.860207   7.988368  6.730
 15     7.811 52731.09155957 17.30 295.859477   7.991668  6.730
 15     6.384 52731.09156021 18.10 295.858737   7.994978  6.730
 15     6.764 52731.09156086 17.76 295.857997   7.998278  6.730
 15     7.007 52731.09156150 17.99 295.857267   8.001588  6.730
 15     7.984 52731.09156215 15.44 295.856526   8.004887 11.403
 16    14.427 52766.09156588 12.02 295.852482   7.973018  4.043
 16    14.717 52766.09156652 13.53 295.851752   7.976318  4.043
 16    12.309 52766.09156717 11.83 295.851012   7.979628  4.043
 16    13.154 52766.09156781 11.43 295.850282   7.982928  4.043
 16    12.374 52766.09156846 13.38 295.849542   7.986238  4.043
 16    12.241 52766.09156910 11.83 295.848802   7.989538  4.043
 16    12.391 52766.09156975 10.95 295.848072   7.992848  4.043
 16    12.067 52766.09157039 11.46 295.847332   7.996148  4.043
 17    15.335 52801.09156497 14.92 295.858041   7.976062  4.181
 17    14.886 52801.09156561 16.95 295.857301   7.979362  4.181
 17    14.529 52801.09156626 17.18 295.856571   7.982672  4.181
 17    14.546 52801.09156690 16.41 295.855831   7.985972  4.181
 17    15.735 52801.09156755 15.05 295.855101   7.989282  4.181
 17    15.632 52801.09156819 15.38 295.854361   7.992582  4.181
 17    15.328 52801.09156883 15.28 295.853621   7.995892  4.181
 17    15.821 52801.09156948 16.01 295.852891   7.999192  4.181
 17    14.808 52801.09157012 16.32 295.852151   8.002502  4.181
 18    39.300 52836.09163106  2.07 295.860134   7.972558  6.017
 18    39.852 52836.09163171  2.27 295.859404   7.975858  6.017
 18    41.182 52836.09163235  2.11 295.858664   7.979168  6.017
 18    16.700 52836.09163364 23.35 295.857194   7.985778  6.017
 18    15.751 52836.09163429 25.34 295.856454   7.989078  6.017
 18    16.836 52836.09163493 22.03 295.855724   7.992388  6.017
 18    16.831 52836.09163558 21.96 295.854984   7.995688  6.017
 18    17.665 52836.09163622 22.08 295.854244   7.998998  6.017
 18    17.371 52836.09163686 22.24 295.853514   8.002298  6.017
 18    18.810 52836.09163751 21.78 295.852774   8.005608  6.017
 19    52.224 52871.09167124  7.36 295.861609   7.969570 12.842
 19    41.510 52871.09167189 16.48 295.860879   7.972870 12.842
 19    41.388 52871.09167253 20.38 295.860139   7.976180 12.842
 19    41.532 52871.09167318 20.49 295.859409   7.979480 12.842
 19    21.482 52871.09167446 42.36 295.857929   7.986090 12.842
 19    20.877 52871.09167511 47.68 295.857199   7.989400 12.842
 19    20.363 52871.09167575 49.04 295.856459   7.992700 12.842
 19    21.870 52871.09167640 44.64 295.855729   7.996010 12.842
 19    21.940 52871.09167704 46.46 295.854989   7.999310 12.842
 19    21.553 52871.09167769 45.59 295.854249   8.002620 12.842
 20    40.445 52906.09166856  3.43 295.860007   7.970655 10.372
 20    41.028 52906.09166921  3.37 295.859277   7.973965 10.372
 20    19.411 52906.09167050 21.48 295.857797   7.980575 10.372
 20    19.036 52906.09167114 26.05 295.857067   7.983875 10.372
 20    18.557 52906.09167179 26.01 295.856327   7.987185 10.372
 20    18.413 52906.09167243 23.67 295.855597   7.990485 10.372
 20    18.941 52906.09167308 22.90 295.854857   7.993795 10.372
 20    18.986 52906.09167372 22.82 295.854117   7.997095 10.372
 20    20.100 52906.09167437 23.00 295.853387   8.000405 10.372
 20    20.409 52906.09167501 23.09 295.852647   8.003705 10.372
 21    37.676 52941.09159977  3.69 295.860038   7.970442  2.355
 21    38.622 52941.09160042  0.80 295.859310   7.973739  8.582
 21    16.774 52941.09160171 21.27 295.857830   7.980349  8.582
 21    16.063 52941.09160235 20.95 295.857100   7.983659  8.582
 21    16.306 52941.09160300 19.22 295.856360   7.986959  8.582
 21    16.340 52941.09160364 19.28 295.855620   7.990269  8.582
 21    16.327 52941.09160429 19.00 295.854890   7.993569  8.582
 21    17.039 52941.09160493 18.77 295.854150   7.996879  8.582
 21    17.120 52941.09160558 19.02 295.853410   8.000179  8.582
 23    15.605 53011.09165264 12.58 295.853188   7.976833  5.621
 23    15.609 53011.09165328 15.21 295.852448   7.980133  5.621
 23    15.150 53011.09165393 17.27 295.851708   7.983443  5.621
 23    13.634 53011.09165457 17.93 295.850978   7.986743  5.621
 23    13.094 53011.09165522 15.87 295.850238   7.990053  5.621
 23    12.790 53011.09165586 15.84 295.849508   7.993353  5.621
 23    12.338 53011.09165651 15.30 295.848768   7.996663  5.621
 23    12.040 53011.09165715 15.33 295.848028   7.999963  5.621
 23    12.175 53011.09165779 14.87 295.847298   8.003273  5.621
 24    32.315 53046.09161697  2.29 295.854660   7.975816  5.745
 24     9.300 53046.09161826 19.29 295.853190   7.982426  5.745
 24     7.600 53046.09161890 23.13 295.852450   7.985736  5.745
 24     9.279 53046.09161954 17.32 295.851720   7.989036  5.745
 24     9.004 53046.09162019 16.38 295.850980   7.992346  5.745
 24     9.074 53046.09162083 15.58 295.850240   7.995646  5.745
 24     9.100 53046.09162148 15.37 295.849510   7.998956  5.745
 24     9.432 53046.09162212 15.02 295.848770   8.002256  5.745
 24     9.524 53046.09162277 14.99 295.848030   8.005566  5.745
 25    14.366 53081.09165139 13.74 295.850950   7.977464  5.147
 25     8.934 53081.09165204 17.10 295.850220   7.980764  5.147
 25     8.404 53081.09165268 19.79 295.849480   7.984074  5.147
 25     8.399 53081.09165333 19.08 295.848740   7.987374  5.147
 25     9.024 53081.09165397 15.07 295.848010   7.990684  5.147
 25     8.829 53081.09165462 15.33 295.847270   7.993984  5.147
 25     9.104 53081.09165526 14.45 295.846540   7.997294  5.147
 25     8.244 53081.09165591 15.30 295.845800   8.000594  5.147
 25     8.886 53081.09165655 14.20 295.845060   8.003904  5.147
 26     9.380 53116.09162218 21.57 295.850732   7.978660  6.482
 26     9.108 53116.09162282 21.25 295.850002   7.981960  6.482
 26     9.166 53116.09162347 23.11 295.849262   7.985270  6.482
 26     8.610 53116.09162411 21.61 295.848522   7.988570  6.482
 26     9.008 53116.09162476 17.10 295.847792   7.991880  6.482
 26     8.350 53116.09162540 18.82 295.847052   7.995180  6.482
 26     9.403 53116.09162605 17.75 295.846322   7.998490  6.482
 27    15.796 53151.09167155 15.08 295.849613   7.985150  4.073
 27    15.569 53151.09167219 18.12 295.848883   7.988460  4.073
 27    13.927 53151.09167284 17.87 295.848143   7.991760  4.073
 27    15.474 53151.09167348 14.09 295.847413   7.995070  4.073
 27    14.643 53151.09167412 14.80 295.846673   7.998370  4.073
 27    14.378 53151.09167477 14.03 295.845933   8.001680  4.073
 27    14.375 53151.09167541 14.90 295.845203   8.004980  4.073
 27    14.541 53151.09167606 15.13 295.844463   8.008290  4.073
 27    14.786 53151.09167670 15.46 295.843733   8.011590  4.073
 28    54.417 53186.09165474  0.95 295.866933   7.966640  2.279
 28    43.827 53186.09165539  0.67 295.866192   7.969938  8.687
 28    41.351 53186.09165603  0.52 295.865462   7.973248  8.687
 28    17.216 53186.09165732 18.34 295.863992   7.979858  8.687
 28    17.318 53186.09165797 22.10 295.863252   7.983158  8.687
 28    17.268 53186.09165861 22.92 295.862512   7.986468  8.687
 28    18.400 53186.09165926 21.58 295.861782   7.989768  8.687
 28    18.775 53186.09165990 21.54 295.861042   7.993078  8.687
 28    18.830 53186.09166055 22.06 295.860302   7.996378  8.687
 28    18.436 53186.09166119 23.36 295.859572   7.999688  8.687
 28    18.630 53186.09166184 23.65 295.858832   8.002988  8.687
 29    43.093 53221.09168310  3.57 295.857894   7.977292  8.488
 29    41.252 53221.09168374  5.18 295.857164   7.980592  8.488
 29    41.519 53221.09168439  4.76 295.856424   7.983902  8.488
 29    19.444 53221.09168568 27.52 295.854954   7.990512  8.488
 29    19.334 53221.09168632 28.43 295.854214   7.993812  8.488
 29    20.012 53221.09168697 27.41 295.853484   7.997122  8.488
 29    19.821 53221.09168761 27.86 295.852744   8.000422  8.488
 29    20.946 53221.09168826 27.65 295.852014   8.003732  8.488
 29    20.509 53221.09168890 26.91 295.851274   8.007032  8.488
 29    21.838 53221.09168955 28.50 295.850534   8.010342  8.488
 30    40.954 53256.09165927  5.99 295.853496   7.975076  8.846
 30    41.285 53256.09165991  5.84 295.852756   7.978386  8.846
 30    19.750 53256.09166185 29.27 295.850556   7.988296  8.846
 30    20.129 53256.09166249 28.94 295.849816   7.991606  8.846
 30    19.710 53256.09166313 28.85 295.849076   7.994906  8.846
 30    20.221 53256.09166378 28.84 295.848346   7.998216  8.846
 30    19.890 53256.09166442 28.52 295.847606   8.001516  8.846
 30    20.470 53256.09166507 28.92 295.846876   8.004826  8.846
 30    21.275 53256.09166571 28.45 295.846136   8.008126  8.846
 31    18.857 53291.09167285 32.01 295.848269   7.977983  9.755
 31    18.720 53291.09167350 32.34 295.847529   7.981293  9.755
 31    20.218 53291.09167414 35.02 295.846789   7.984593  9.755
 31    19.938 53291.09167479 40.07 295.846059   7.987903  9.755
 31    16.654 53291.09167543 40.27 295.845319   7.991203  9.755
 31    19.221 53291.09167608 34.50 295.844589   7.994513  9.755
 31    20.087 53291.09167672 33.66 295.843849   7.997813  9.755
 32    49.757 53326.09164556  0.17 295.862269   7.970207  3.119
 32    14.569 53326.09164750 16.78 295.860059   7.980127  3.119
 32    14.487 53326.09164814 17.87 295.859320   7.983424  9.383
 32    15.059 53326.09164879 16.78 295.858590   7.986734  9.383
 32    15.343 53326.09164943 16.44 295.857850   7.990034  9.383
 32    15.751 53326.09165007 16.67 295.857110   7.993344  9.383
 32    16.019 53326.09165072 16.88 295.856380   7.996644  9.383
 32    16.073 53326.09165136 17.90 295.855640   7.999954  9.383
 32    15.084 53326.09165201 18.18 295.854910   8.003254  9.383
 33    35.257 53361.09160287  4.35 295.864059   7.966972  8.114
 33    13.805 53361.09160480 13.70 295.861849   7.976892  8.114
 33    13.653 53361.09160545 15.38 295.861119   7.980192  8.114
 33    13.328 53361.09160609 15.65 295.860379   7.983502  8.114
 33    13.475 53361.09160674 14.43 295.859649   7.986802  8.114
 33    13.440 53361.09160738 14.57 295.858909   7.990112  8.114
 33    13.605 53361.09160802 14.79 295.858169   7.993412  8.114
 33    12.879 53361.09160867 15.32 295.857439   7.996722  8.114
 33    13.169 53361.09160931 14.94 295.856699   8.000022  8.114
 33    13.701 53361.09160996 15.09 295.855969   8.003332  8.114
 34    10.939 53396.09162444 17.91 295.855352   7.975629  6.055
 34    10.530 53396.09162509 22.69 295.854612   7.978939  6.055
 34    10.799 53396.09162573 22.74 295.853882   7.982239  6.055
 34    10.686 53396.09162638 22.71 295.853142   7.985549  6.055
 34    10.563 53396.09162702 20.87 295.852402   7.988849  6.055
 34    10.349 53396.09162767 20.52 295.851672   7.992159  6.055
 34     9.214 53396.09162831 21.06 295.850932   7.995459  6.055
 35     9.904 53431.09161694 15.43 295.860102   7.978161  6.356
 35     9.614 53431.09161759 19.43 295.859362   7.981471  6.356
 35     9.068 53431.09161823 18.35 295.858632   7.984771  6.356
 35     8.828 53431.09161888 16.53 295.857892   7.988081  6.356
 35     9.817 53431.09161952 15.91 295.857152   7.991381  6.356
 35     9.721 53431.09162017 15.88 295.856422   7.994691  6.356
 35     9.989 53431.09162081 15.57 295.855682   7.997991  6.356
 35    10.202 53431.09162146 15.45 295.854952   8.001301  6.356
 36     8.511 53466.09164789 19.82 295.856026   7.979609  4.897
 36     8.664 53466.09164854 20.51 295.855286   7.982909  4.897
 36     8.594 53466.09164918 18.10 295.854556   7.986219  4.897
 36     8.640 53466.09164983 16.32 295.853816   7.989519  4.897
 36     8.317 53466.09165047 14.81 295.853086   7.992829  4.897
 36     8.629 53466.09165112 13.98 295.852346   7.996129  4.897
 36     8.958 53466.09165176 13.74 295.851606   7.999439  4.897
 37    35.843 53501.09170544 11.80 295.850557   7.975525 11.045
 37    35.197 53501.09170609 14.28 295.849817   7.978825 11.045
 37    35.311 53501.09170673 16.99 295.849077   7.982135 11.045
 37    14.164 53501.09170802 36.53 295.847607   7.988745 11.045
 37    14.082 53501.09170867 44.36 295.846867   7.992045 11.045
 37    14.265 53501.09170931 47.55 295.846137   7.995355 11.045
 37    14.091 53501.09170996 47.05 295.845397   7.998655 11.045
 37    14.699 53501.09171060 43.03 295.844667   8.001965 11.045
 37    14.953 53501.09171124 45.17 295.843927   8.005265 11.045
 37    15.095 53501.09171189 44.19 295.843187   8.008575 11.045
 38    15.669 53536.09169735 19.52 295.855536   7.986989  5.002
 38    15.608 53536.09169800 20.94 295.854806   7.990299  5.002
 38    15.734 53536.09169864 20.26 295.854066   7.993599  5.002
 38    15.815 53536.09169929 19.60 295.853336   7.996909  5.002
 38    15.752 53536.09169993 19.84 295.852596   8.000209  5.002
 38    16.548 53536.09170058 20.14 295.851856   8.003519  5.002
 38    16.035 53536.09170122 20.67 295.851126   8.006819  5.002
 38    17.388 53536.09170187 20.88 295.850386   8.010129  5.002
 40    40.694 53606.09165096 16.34 295.858166   7.975745 12.730
 40    40.168 53606.09165161 20.50 295.857436   7.979045 12.730
 40    40.559 53606.09165225 20.60 295.856696   7.982355 12.730
 40    20.368 53606.09165354 40.99 295.855226   7.988965 12.730
 40    20.276 53606.09165419 47.59 295.854486   7.992265 12.730
 40    20.157 53606.09165483 46.49 295.853756   7.995575 12.730
 40    20.833 53606.09165548 46.63 295.853016   7.998875 12.730
 40    21.105 53606.09165612 42.42 295.852286   8.002185 12.730
 40    20.754 53606.09165677 45.98 295.851546   8.005485 12.730
 40    21.079 53606.09165741 46.27 295.850806   8.008795 12.730
 41    18.255 53641.09165124 22.62 295.853648   7.976650  9.032
 41    17.774 53641.09165189 25.24 295.852908   7.979960  9.032
 41    19.157 53641.09165253 24.38 295.852178   7.983260  9.032
 41    17.961 53641.09165318 23.63 295.851438   7.986570  9.032
 41    17.784 53641.09165382 22.91 295.850698   7.989870  9.032
 41    17.797 53641.09165447 22.76 295.849968   7.993180  9.032
 41    18.293 53641.09165511 22.89 295.849228   7.996480  9.032
 42    15.879 53676.09167018 20.23 295.852081   7.974563  4.639
 42    16.149 53676.09167083 19.49 295.851351   7.977863  4.639
 42    16.900 53676.09167147 17.97 295.850611   7.981173  4.639
 42    16.883 53676.09167212 16.34 295.849881   7.984473  4.639
 42    16.395 53676.09167276 17.11 295.849141   7.987783  4.639
 42    16.257 53676.09167341 17.28 295.848401   7.991083  4.639
 42    14.878 53676.09167405 16.55 295.847671   7.994393  4.639
 42    14.275 53676.09167470 16.69 295.846931   7.997693  4.639
 43    57.013 53711.09159944  0.33 295.862354   7.974160  7.696
 43    45.345 53711.09160009  0.72 295.861614   7.977470  7.696
 43    49.235 53711.09160073  0.46 295.860884   7.980770  7.696
 43    14.115 53711.09160202 18.13 295.859404   7.987380  7.696
 43    12.657 53711.09160267 23.81 295.858674   7.990690  7.696
 43    13.647 53711.09160331 23.99 295.857934   7.993990  7.696
 43    14.403 53711.09160396 22.00 295.857204   7.997300  7.696
 43    15.252 53711.09160460 22.19 295.856464   8.000600  7.696
 43    15.671 53711.09160525 21.85 295.855734   8.003910  7.696
 43    15.900 53711.09160589 22.86 295.854994   8.007210  7.696
 44    15.026 53746.09150951 14.59 295.860183   7.972070  5.260
 44    13.878 53746.09151016 16.54 295.859443   7.975380  5.260
 44    12.060 53746.09151080 18.11 295.858713   7.978680  5.260
 44    11.392 53746.09151145 19.19 295.857973   7.981990  5.260
 44    11.883 53746.09151209 17.40 295.857233   7.985290  5.260
 44    11.424 53746.09151274 17.44 295.856503   7.988600  5.260
 44    11.167 53746.09151338 16.37 295.855763   7.991900  5.260
 44    11.337 53746.09151403 16.42 295.855033   7.995210  5.260
 45    16.094 53781.09154057 10.45 295.862521   7.971274  7.635
 45    13.562 53781.09154121 14.91 295.861781   7.974584  7.635
 45    11.682 53781.09154186 16.45 295.861051   7.977884  7.635
 45    11.040 53781.09154250 16.80 295.860311   7.981194  7.635
 45    11.397 53781.09154315 16.37 295.859581   7.984494  7.635
 45    11.671 53781.09154379 15.46 295.858841   7.987804  7.635
 45    12.313 53781.09154443 15.12 295.858101   7.991104  7.635
 45    12.522 53781.09154508 15.05 295.857371   7.994414  7.635
 45    12.176 53781.09154572 15.48 295.856631   7.997714  7.635
 46    14.835 53816.09150905 14.67 295.862064   7.972468  2.964
 46     9.658 53816.09150969 15.80 295.861324   7.975778  2.964
 46     9.326 53816.09151034 16.89 295.860594   7.979078  2.964
 46     9.248 53816.09151098 16.23 295.859854   7.982388  2.964
 46     9.015 53816.09151163 16.10 295.859123   7.985687 12.487
 46     9.237 53816.09151227 16.16 295.858383   7.988997 12.487
 46     9.191 53816.09151292 15.48 295.857653   7.992297 12.487
 46     9.780 53816.09151356 15.47 295.856913   7.995607 12.487
 47    14.254 53851.09157766 11.83 295.852943   7.973660  6.453
 47    13.533 53851.09157830 15.98 295.852203   7.976970  6.453
 47    11.243 53851.09157895 22.91 295.851463   7.980270  6.453
 47     9.953 53851.09157959 23.71 295.850733   7.983580  6.453
 47    11.117 53851.09158024 17.62 295.849993   7.986880  6.453
 47    11.603 53851.09158088 18.24 295.849253   7.990190  6.453
 47     9.762 53851.09158153 23.71 295.848523   7.993490  6.453
 47    10.776 53851.09158217 16.98 295.847783   7.996800  6.453
 48    46.990 53886.09158744  4.06 295.863800   7.981644  4.965
 48    47.264 53886.09158809  4.89 295.863060   7.984954  4.965
 48    49.871 53886.09158873  4.24 295.862330   7.988254  4.965
 48    52.028 53886.09158938  3.90 295.861590   7.991564  4.965
 48    53.337 53886.09159002  4.35 295.860850   7.994864  4.965
 48    54.472 53886.09159067  4.52 295.860120   7.998174  4.965
 48    53.141 53886.09159131  4.90 295.859380   8.001474  4.965
 49    38.467 53921.09165735  6.65 295.847217   7.978307  8.581
 49    39.495 53921.09165800  5.09 295.846477   7.981607  8.581
 49    39.854 53921.09165864  6.98 295.845737   7.984917  8.581
 49    17.464 53921.09165993 27.60 295.844267   7.991527  8.581
 49    16.758 53921.09166058 28.84 295.843537   7.994827  8.581
 49    17.671 53921.09166122 25.64 295.842797   7.998137  8.581
 49    17.579 53921.09166187 26.64 295.842057   8.001437  8.581
 49    17.822 53921.09166251 25.80 295.841327   8.004747  8.581
 49    17.843 53921.09166316 26.05 295.840587   8.008047  8.581
 49    17.950 53921.09166380 25.60 295.839857   8.011357  8.581
 49    18.243 53921.09166444 25.88 295.839117   8.014657  8.581
 50    41.989 53956.09165420 18.86 295.848485   7.977042  3.245
 50    41.298 53956.09165484 20.72 295.847746   7.980341 14.886
 50    41.361 53956.09165549 20.34 295.847016   7.983651 14.886
 50    21.002 53956.09165678 46.67 295.845536   7.990261 14.886
 50    21.628 53956.09165742 48.34 295.844806   7.993561 14.886
 50    22.351 53956.09165807 42.82 295.844066   7.996871 14.886
 50    22.295 53956.09165871 43.62 295.843336   8.000171 14.886
 50    22.534 53956.09165936 44.08 295.842596   8.003481 14.886
 50    22.262 53956.09166000 44.50 295.841856   8.006781 14.886
 52    46.953 54026.09163896  0.01 295.856977   7.978142  8.634
 52    15.762 54026.09164090 21.74 295.854777   7.988062  8.634
 52    15.621 54026.09164154 23.33 295.854037   7.991362  8.634
 52    15.577 54026.09164218 22.45 295.853297   7.994672  8.634
 52    15.662 54026.09164283 22.56 295.852567   7.997972  8.634
 52    15.969 54026.09164347 22.39 295.851827   8.001282  8.634
 52    17.216 54026.09164412 22.08 295.851087   8.004582  8.634
 52    17.697 54026.09164476 22.28 295.850357   8.007892  8.634
 53    50.442 54061.09162997  0.67 295.864494   7.969144  3.050
 53    13.955 54061.09163126 18.70 295.863024   7.975754  3.050
 53    14.338 54061.09163190 16.21 295.862284   7.979053  8.289
 53    14.699 54061.09163255 14.20 295.861554   7.982363  8.289
 53    14.717 54061.09163319 14.31 295.860814   7.985663  8.289
 53    15.281 54061.09163384 14.26 295.860074   7.988973  8.289
 53    15.193 54061.09163448 14.44 295.859344   7.992273  8.289
 53    15.955 54061.09163513 15.24 295.858604   7.995583  8.289
 54    14.532 54096.09160424 17.34 295.858169   7.973439  3.180
 54    13.840 54096.09160488 16.47 295.857439   7.976739  3.180
 54    14.376 54096.09160553 15.39 295.856699   7.980049  3.180
 54    14.182 54096.09160617 14.90 295.855965   7.983347 14.308
 54    13.940 54096.09160682 15.39 295.855225   7.986657 14.308
 54    13.438 54096.09160746 15.06 295.854495   7.989957 14.308
 54    12.998 54096.09160811 16.04 295.853755   7.993267 14.308
 55    10.408 54131.09155246 19.26 295.857445   7.974916  8.198
 55     9.886 54131.09155311 21.24 295.856715   7.978226  8.198
 55    10.538 54131.09155375 20.30 295.855975   7.981526  8.198
 55     9.975 54131.09155440 19.15 295.855245   7.984836  8.198
 55     9.933 54131.09155504 18.36 295.854505   7.988136  8.198
 55     9.690 54131.09155568 17.84 295.853765   7.991446  8.198
 55     9.745 54131.09155633 17.95 295.853035   7.994746  8.198
 56     8.370 54166.09157690 19.81 295.856496   7.974283  3.451
 56     7.993 54166.09157754 23.76 295.855766   7.977593  3.451
 56     8.661 54166.09157819 20.56 295.855028   7.980892 10.936
 56     8.435 54166.09157883 20.21 295.854298   7.984202 10.936
 56     8.271 54166.09157948 20.76 295.853558   7.987502 10.936
 56     8.385 54166.09158012 18.79 295.852818   7.990812 10.936
 56     8.097 54166.09158077 16.97 295.852088   7.994112 10.936
 56     8.064 54166.09158141 16.33 295.851348   7.997422 10.936
 57    14.116 54201.09155503 13.62 295.856920   7.973974  2.367
 57    12.009 54201.09155567 15.61 295.856185   7.977270  7.106
 57    10.169 54201.09155632 16.77 295.855445   7.980580  7.106
 57     8.684 54201.09155696 17.91 295.854705   7.983880  7.106
 57     9.271 54201.09155761 16.62 295.853975   7.987190  7.106
 57     9.113 54201.09155825 16.16 295.853235   7.990490  7.106
 57     9.438 54201.09155890 15.21 295.852495   7.993800  7.106
 57     9.724 54201.09155954 14.59 295.851765   7.997100  7.106
 58    11.932 54236.09159565 16.65 295.854360   7.993627  9.520
 58    12.078 54236.09159629 16.44 295.853630   7.996927  9.520
 58    12.661 54236.09159694 14.11 295.852890   8.000237  9.520
 58    12.811 54236.09159758 13.28 295.852150   8.003537  9.520
 58    13.610 54236.09159823 13.76 295.851420   8.006847  9.520
 58    13.152 54236.09159887 13.69 295.850680   8.010147  9.520
 58    13.898 54236.09159952 14.02 295.849950   8.013457  9.520
 59    57.250 54271.09161315  1.19 295.858151   7.975588 11.581
 59    60.159 54271.09161379  1.35 295.857421   7.978898 11.581
 59    37.493 54271.09161444 10.83 295.856681   7.982198 11.581
 59    38.090 54271.09161508 11.92 295.855941   7.985508 11.581
 59    36.760 54271.09161572 16.44 295.855211   7.988808 11.581
 59    37.278 54271.09161637 17.34 295.854471   7.992118 11.581
 59    16.627 54271.09161766 41.73 295.853001   7.998728 11.581
 59    16.981 54271.09161830 44.47 295.852261   8.002028 11.581
 59    16.047 54271.09161895 45.43 295.851531   8.005338 11.581
 59    17.266 54271.09161959 41.19 295.850791   8.008638 11.581
 59    17.922 54271.09162024 40.43 295.850061   8.011948 11.581
 60    42.638 54306.09161549  1.78 295.857854   7.975998  2.004
 60    40.374 54306.09161613  3.11 295.857113   7.979297 10.419
 60    41.674 54306.09161678  2.69 295.856383   7.982607 10.419
 60    18.183 54306.09161807 25.05 295.854903   7.989217 10.419
 60    17.562 54306.09161871 25.88 295.854173   7.992517 10.419
 60    18.376 54306.09161935 23.89 295.853433   7.995827 10.419
 60    18.463 54306.09162000 23.80 295.852703   7.999127 10.419
 60    19.434 54306.09162064 24.80 295.851963   8.002437 10.419
 60    19.972 54306.09162129 23.66 295.851223   8.005737 10.419
 60    20.410 54306.09162193 26.73 295.850493   8.009047 10.419
 61    48.007 54341.09159626  1.04 295.859796   7.971878  2.284
 61    42.079 54341.09159690  2.13 295.859066   7.975178  2.284
 61    40.928 54341.09159755  2.52 295.858326   7.978488  2.284
 61    18.988 54341.09159884 22.25 295.856860   7.985096  9.324
 61    18.056 54341.09159948 25.14 295.856120   7.988396  9.324
 61    18.795 54341.09160013 22.45 295.855380   7.991706  9.324
 61    19.140 54341.09160077 22.16 295.854650   7.995006  9.324
 61    19.800 54341.09160142 22.27 295.853910   7.998316  9.324
 61    20.466 54341.09160206 22.47 295.853170   8.001616  9.324
 61    20.785 54341.09160271 23.35 295.852440   8.004926  9.324
 62    39.477 54376.09154932  5.19 295.858082   7.972231  5.113
 62    39.765 54376.09154996  5.41 295.857352   7.975541  5.113
 62    39.540 54376.09155061  5.90 295.856612   7.978841  5.113
 62    18.698 54376.09155190 24.51 295.855142   7.985451  5.113
 62    18.300 54376.09155254 29.07 295.854402   7.988761  5.113
 62    18.754 54376.09155319 30.13 295.853672   7.992061  5.113
 62    18.829 54376.09155383 29.49 295.852932   7.995371  5.113
 62    19.050 54376.09155448 29.92 295.852202   7.998671  5.113
 62    19.295 54376.09155512 29.57 295.851462   8.001981  5.113
 62    19.306 54376.09155577 29.25 295.850722   8.005281  5.113
 62    19.108 54376.09155641 29.30 295.849992   8.008591  5.113
 63    37.275 54411.09154280  1.81 295.857999   7.971813  2.941
 63    37.392 54411.09154344  2.29 295.857269   7.975113  2.941
 63    16.682 54411.09154409 20.57 295.856529   7.978423  2.941
 63    16.848 54411.09154473 23.47 295.855789   7.981723  2.941
 63    16.295 54411.09154538 25.46 295.855059   7.985033  2.941
 63    18.328 54411.09154602 24.68 295.854319   7.988332  9.177
 63    18.539 54411.09154667 27.77 295.853589   7.991642  9.177
 63    18.528 54411.09154731 30.77 295.852849   7.994942  9.177
 63    17.935 54411.09154795 35.34 295.852109   7.998252  9.177
 64    14.972 54446.09151355 16.38 295.857448   7.973844  3.145
 64    14.841 54446.09151420 18.13 295.856708   7.977144  3.145
 64    14.268 54446.09151484 17.19 295.855978   7.980444  3.145
 64    14.768 54446.09151549 16.99 295.855241   7.983750  9.774
 64    14.671 54446.09151613 15.11 295.854501   7.987060  9.774
 64    14.625 54446.09151678 14.07 295.853761   7.990360  9.774
 64    13.831 54446.09151742 14.07 295.853031   7.993670  9.774
 64    13.405 54446.09151807 13.93 295.852291   7.996970  9.774
 65    11.837 54481.09153531 21.36 295.858508   7.976645  3.180
 65    11.321 54481.09153596 26.72 295.857768   7.979944 11.876
 65    11.973 54481.09153660 23.22 295.857038   7.983254 11.876
 65    11.349 54481.09153725 21.43 295.856298   7.986554 11.876
 65    11.357 54481.09153789 19.02 295.855558   7.989864 11.876
 65    11.305 54481.09153854 18.91 295.854828   7.993164 11.876
 65    10.427 54481.09153918 19.55 295.854088   7.996474 11.876
 65    11.067 54481.09153983 18.06 295.853358   7.999774 11.876
 66     9.031 54516.09152848 25.08 295.857413   7.978026  5.437
 66     8.334 54516.09152912 25.17 295.856673   7.981326  5.437
 66     9.678 54516.09152977 22.33 295.855943   7.984636  5.437
 66     9.654 54516.09153041 20.21 295.855203   7.987936  5.437
 66     9.650 54516.09153105 18.65 295.854473   7.991246  5.437
 66     9.325 54516.09153170 19.01 295.853733   7.994546  5.437
 66     8.902 54516.09153234 17.54 295.852993   7.997856  5.437
 67     9.565 54551.09154792 26.18 295.857788   7.974914  6.483
 67     9.242 54551.09154857 28.19 295.857058   7.978214  6.483
 67     6.927 54551.09154921 26.34 295.856318   7.981524  6.483
 67     9.602 54551.09154985 20.97 295.855578   7.984824  6.483
 67     9.421 54551.09155050 20.44 295.854848   7.988134  6.483
 67     9.095 54551.09155114 18.99 295.854108   7.991434  6.483
 68    35.758 54586.09152344  0.11 295.858547   7.971737  5.088
 68     9.691 54586.09152473 19.28 295.857077   7.978347  5.088
 68     9.194 54586.09152537 21.38 295.856337   7.981647  5.088
 68     9.401 54586.09152602 20.37 295.855607   7.984957  5.088
 68     9.403 54586.09152666 19.03 295.854867   7.988257  5.088
 68     9.610 54586.09152731 17.81 295.854137   7.991567  5.088
 68     8.984 54586.09152795 17.62 295.853397   7.994867  5.088
 68     9.357 54586.09152860 17.81 295.852657   7.998177  5.088
 69    69.891 54621.09154286  0.25 295.857520   7.973899  9.451
 69    35.735 54621.09154479  9.83 295.855310   7.983809  9.451
 69    35.607 54621.09154544 10.33 295.854580   7.987119  9.451
 69    14.562 54621.09154737 33.98 295.852370   7.997029  9.451
 69    14.527 54621.09154802 43.33 295.851630   8.000339  9.451
 69    13.300 54621.09154866 47.11 295.850900   8.003639  9.451
 69    15.077 54621.09154931 45.28 295.850160   8.006949  9.451
 69    14.819 54621.09154995 44.82 295.849430   8.010249  9.451
 69    14.375 54621.09155059 46.57 295.848690   8.013559  9.451
 70    40.683 54656.09155320  1.19 295.855805   7.976134  4.972
 70    38.572 54656.09155384  2.68 295.855065   7.979444  4.972
 70    39.908 54656.09155449  3.08 295.854325   7.982744  4.972
 70    16.591 54656.09155578 25.82 295.852855   7.989354  4.972
 70    16.482 54656.09155642 28.05 295.852125   7.992664  4.972
 70    17.355 54656.09155706 27.08 295.851385   7.995964  4.972
 70    17.694 54656.09155771 26.63 295.850645   7.999274  4.972
 70    17.865 54656.09155835 26.97 295.849915   8.002574  4.972
 70    17.913 54656.09155900 26.73 295.849175   8.005884  4.972
 70    18.647 54656.09155964 27.18 295.848445   8.009184  4.972
 71    41.066 54691.09153823  6.17 295.857265   7.976354  7.600
 71    40.898 54691.09153888  6.84 295.856525   7.979654  7.600
 71    41.323 54691.09153952  7.17 295.855795   7.982964  7.600
 71    20.357 54691.09154081 26.24 295.854325   7.989574  7.600
 71    20.260 54691.09154146 30.48 295.853585   7.992874  7.600
 71    20.087 54691.09154210 30.46 295.852855   7.996184  7.600
 71    19.810 54691.09154275 30.70 295.852115   7.999484  7.600
 71    20.106 54691.09154339 30.00 295.851375   8.002794  7.600
 71    19.898 54691.09154404 29.88 295.850645   8.006094  7.600
 71    19.977 54691.09154468 29.40 295.849905   8.009404  7.600
 72    40.566 54726.09150354 15.61 295.859020   7.970214 13.059
 72    40.644 54726.09150419 18.63 295.858290   7.973514 13.059
 72    20.182 54726.09150548 42.21 295.856810   7.980124 13.059
 72    17.702 54726.09150612 46.64 295.856080   7.983434 13.059
 72    20.195 54726.09150677 44.66 295.855340   7.986734 13.059
 72    20.436 54726.09150741 47.39 295.854610   7.990044 13.059
 72    20.737 54726.09150805 42.38 295.853870   7.993344 13.059
 72    20.497 54726.09150870 44.73 295.853130   7.996654 13.059
 73    38.133 54761.09151391 11.31 295.857454   7.971992 11.489
 73    38.946 54761.09151455 13.33 295.856714   7.975302 11.489
 73    17.839 54761.09151584 33.68 295.855244   7.981912 11.489
 73    17.601 54761.09151649 42.36 295.854504   7.985212 11.489
 73    17.588 54761.09151713 43.33 295.853774   7.988522 11.489
 73    17.854 54761.09151777 46.91 295.853034   7.991822 11.489
 73    18.590 54761.09151842 42.60 295.852304   7.995132 11.489
 73    18.245 54761.09151906 41.87 295.851564   7.998432 11.489
 73    17.898 54761.09151971 41.96 295.850824   8.001742 11.489
 74    15.730 54796.09149698 18.60 295.856174   7.974508  3.679
 74    15.688 54796.09149762 18.45 295.855434   7.977818  3.679
 74    16.359 54796.09149827 17.95 295.854694   7.981118  3.679
 74    16.395 54796.09149891 17.79 295.853964   7.984428  3.679
 74    15.741 54796.09149956 16.63 295.853224   7.987728  3.679
 74    15.777 54796.09150020 16.59 295.852494   7.991038  3.679
 74    14.947 54796.09150085 15.81 295.851754   7.994338  3.679
 75    37.450 54831.09151429  0.04 295.858197   7.970883  5.231
 75    12.898 54831.09151558 22.57 295.856727   7.977493  5.231
 75    13.749 54831.09151622 24.05 295.855987   7.980803  5.231
 75    13.424 54831.09151686 24.27 295.855247   7.984103  5.231
 75    13.483 54831.09151751 24.64 295.854517   7.987413  5.231
 75    13.024 54831.09151815 25.09 295.853777   7.990713  5.231
 75    13.012 54831.09151880 24.99 295.853047   7.994023  5.231
 75    13.120 54831.09151944 25.68 295.852307   7.997323  5.231
 76    14.231 54866.09149221 17.63 295.858207   7.972645  4.856
 76    11.107 54866.09149285 20.84 295.857467   7.975955  4.856
 76    11.132 54866.09149350 21.21 295.856727   7.979255  4.856
 76    10.848 54866.09149414 22.45 295.855997   7.982565  4.856
 76    10.822 54866.09149479 19.64 295.855257   7.985865  4.856
 76    10.665 54866.09149543 18.58 295.854527   7.989175  4.856
 76    10.403 54866.09149607 18.18 295.853787   7.992475  4.856
 76     9.510 54866.09149672 18.32 295.853047   7.995785  4.856
 77    33.109 54901.09151295  1.93 295.856832   7.971684  4.827
 77    32.485 54901.09151359  3.57 295.856092   7.974994  4.827
 77    38.837 54901.09151424  0.17 295.855352   7.978294  4.827
 77     8.649 54901.09151553 21.20 295.853882   7.984904  4.827
 77     9.261 54901.09151617 18.81 295.853152   7.988214  4.827
 77     9.513 54901.09151682 18.23 295.852412   7.991514  4.827
 77     9.511 54901.09151746 17.08 295.851682   7.994824  4.827
 77     9.476 54901.09151811 15.70 295.850942   7.998124  4.827
 77     9.380 54901.09151875 16.18 295.850202   8.001434  4.827
 77     9.668 54901.09151939 14.93 295.849472   8.004734  4.827
 77     9.431 54901.09152004 15.65 295.848732   8.008044  4.827
 78     9.648 54936.09148424 19.14 295.856620   7.979763  4.604
 78     9.614 54936.09148488 18.09 295.855880   7.983063  4.604
 78    10.756 54936.09148553 16.69 295.855150   7.986373  4.604
 78    10.952 54936.09148617 17.11 295.854410   7.989673  4.604
 78    10.224 54936.09148682 15.58 295.853680   7.992983  4.604
 78    10.384 54936.09148746 14.59 295.852940   7.996283  4.604
 78    10.228 54936.09148811 14.90 295.852200   7.999593  4.604
 80    56.125 55006.09153507  0.11 295.855831   7.972813  6.164
 80    37.057 55006.09153572  5.35 295.855091   7.976123  6.164
 80    38.193 55006.09153636  6.15 295.854361   7.979423  6.164
 80    38.245 55006.09153700  7.00 295.853621   7.982733  6.164
 80    13.590 55006.09153829 29.08 295.852151   7.989343  6.164
 80    13.511 55006.09153894 33.33 295.851411   7.992643  6.164
 80    14.595 55006.09153958 32.78 295.850681   7.995953  6.164
 80    15.268 55006.09154023 33.48 295.849941   7.999253  6.164
 80    15.346 55006.09154087 35.75 295.849201   8.002563  6.164
 80    15.393 55006.09154152 36.76 295.848471   8.005863  6.164
 80    15.553 55006.09154216 37.00 295.847731   8.009173  6.164
 81    38.388 55041.09152246  3.18 295.859440   7.970158  5.210
 81    37.865 55041.09152311  1.98 295.858700   7.973468  5.210
 81    39.606 55041.09152375  1.54 295.857970   7.976768  5.210
 81    16.892 55041.09152504 21.91 295.856490   7.983378  5.210
 81    16.876 55041.09152569 22.52 295.855760   7.986688  5.210
 81    16.973 55041.09152633 20.41 295.855020   7.989988  5.210
 81    16.868 55041.09152697 20.35 295.854290   7.993298  5.210
 81    17.207 55041.09152762 20.04 295.853550   7.996598  5.210
 81    17.097 55041.09152826 20.31 295.852810   7.999908  5.210
 81    17.883 55041.09152891 21.31 295.852080   8.003208  5.210
 82    19.733 55076.09150597 43.65 295.856579   7.979753 13.313
 82    19.822 55076.09150661 46.11 295.855839   7.983063 13.313
 82    19.892 55076.09150726 47.65 295.855099   7.986363 13.313
 82    20.308 55076.09150790 47.61 295.854369   7.989673 13.313
 82    20.261 55076.09150855 45.67 295.853629   7.992973 13.313
 82    20.430 55076.09150919 46.79 295.852899   7.996283 13.313
 83    58.439 55111.09145569  0.11 295.857755   7.973336  4.389
 83    47.990 55111.09145633  1.03 295.857025   7.976636  4.389
 83    42.881 55111.09145697  0.95 295.856285   7.979946  4.389
 83    15.173 55111.09145826 20.04 295.854815   7.986556  4.389
 83    15.103 55111.09145891 21.24 295.854075   7.989856  4.389
 83    15.264 55111.09145955 20.57 295.853345   7.993166  4.389
 83    15.334 55111.09146020 19.78 295.852605   7.996466  4.389
 83    15.488 55111.09146084 20.44 295.851865   7.999776  4.389
 83    15.503 55111.09146149 20.74 295.851135   8.003076  4.389
 83    16.498 55111.09146213 21.04 295.850395   8.006386  4.389
 84    15.846 55146.09145732 16.01 295.856848   7.971780  4.460
 84    14.406 55146.09145797 19.27 295.856108   7.975090  4.460
 84    14.211 55146.09145861 20.05 295.855378   7.978390  4.460
 84    14.453 55146.09145926 19.66 295.854638   7.981700  4.460
 84    14.391 55146.09145990 20.58 295.853898   7.985000  4.460
 84    14.267 55146.09146055 19.08 295.853168   7.988310  4.460
 84    14.115 55146.09146119 18.79 295.852428   7.991610  4.460
 84    13.179 55146.09146184 19.35 295.851698   7.994920  4.460
 85    14.687 55181.09143323 19.04 295.857668   7.972766  4.538
 85    13.543 55181.09143387 18.62 295.856928   7.976076  4.538
 85    11.603 55181.09143452 19.56 295.856188   7.979376  4.538
 85    11.809 55181.09143516 17.62 295.855458   7.982686  4.538
 85    11.207 55181.09143581 16.61 295.854718   7.985986  4.538
 85    11.469 55181.09143645 16.92 295.853988   7.989296  4.538
 85    11.222 55181.09143710 16.42 295.853248   7.992596  4.538
 86     5.072 55216.09145274 32.43 295.857538   7.974630  6.838
 86     9.942 55216.09145338 24.22 295.856808   7.977930  6.838
 86    10.069 55216.09145403 20.91 295.856068   7.981240  6.838
 86     9.555 55216.09145467 21.59 295.855328   7.984540  6.838
 86     9.613 55216.09145532 17.11 295.854598   7.987850  6.838
 86     9.296 55216.09145596 16.24 295.853858   7.991150  6.838
 87     7.675 55251.09142998 33.80 295.858983   7.974654 12.544
 87     7.417 55251.09143062 41.63 295.858243   7.977964 12.544
 87     6.319 55251.09143127 44.57 295.857503   7.981264 12.544
 87     3.393 55251.09143191 38.97 295.856773   7.984574 12.544
 87     7.244 55251.09143256 27.56 295.856033   7.987874 12.544
 87     6.746 55251.09143320 24.30 295.855303   7.991184 12.544
 87     7.769 55251.09143449 25.38 295.853823   7.997794 12.544
 87     7.313 55251.09143513 22.01 295.853093   8.001094 12.544
 87     7.906 55251.09143578 22.09 295.852353   8.004404 12.544
 87     7.526 55251.09143642 23.29 295.851613   8.007704 12.544
 87     8.316 55251.09143707 24.18 295.850883   8.011014 12.544
 88    14.348 55286.09144600 19.53 295.857054   7.973411  6.299
 88     9.624 55286.09144664 19.49 295.856314   7.976721  6.299
 88    11.805 55286.09144729 15.48 295.855574   7.980021  6.299
 88     9.669 55286.09144793 16.70 295.854844   7.983331  6.299
 88     9.980 55286.09144858 15.12 295.854104   7.986631  6.299
 88     9.020 55286.09144922 14.48 295.853374   7.989941  6.299
 88     8.243 55286.09144987 14.63 295.852634   7.993241  6.299
 88     8.585 55286.09145051 15.01 295.851904   7.996551  6.299
 88    25.865 55286.09145374 16.25 295.848224   8.013071  6.299
 89    33.637 55321.09142104  3.58 295.855640   7.975601  3.932
 89    14.045 55321.09142168 14.87 295.854900   7.978911  3.932
 89    14.204 55321.09142233 17.29 295.854160   7.982211  3.932
 89    13.891 55321.09142297 19.66 295.853430   7.985521  3.932
 89    14.199 55321.09142362 16.32 295.852690   7.988821  3.932
 89    13.693 55321.09142426 16.92 295.851960   7.992131  3.932
 89    13.396 55321.09142491 15.52 295.851220   7.995431  3.932
 89    13.249 55321.09142555 15.97 295.850480   7.998741  3.932
 89    13.131 55321.09142619 16.22 295.849750   8.002041  3.932
 89    13.478 55321.09142684 16.40 295.849010   8.005351  3.932
 90    66.470 55356.09142187  0.52 295.855687   7.979854  7.306
 90    47.469 55356.09142252  2.04 295.854947   7.983154  7.306
 90    43.645 55356.09142316  2.62 295.854217   7.986464  7.306
 90    46.634 55356.09142381  2.82 295.853477   7.989764  7.306
 90    17.396 55356.09142574 32.14 295.851267   7.999684  7.306
 90    17.346 55356.09142639 36.61 295.850537   8.002984  7.306
 90    16.648 55356.09142703 38.75 295.849797   8.006294  7.306
 90    17.300 55356.09142768 37.24 295.849067   8.009594  7.306
 90    18.378 55356.09142832 35.44 295.848327   8.012904  7.306
 91    58.636 55391.09142082  0.12 295.857052   7.971703  5.762
 91    45.808 55391.09142147  2.73 295.856322   7.975003  5.762
 91    42.391 55391.09142211  3.49 295.855582   7.978313  5.762
 91    18.386 55391.09142405 25.15 295.853372   7.988223  5.762
 91    18.275 55391.09142469 24.30 295.852632   7.991533  5.762
 91    18.897 55391.09142534 22.53 295.851902   7.994833  5.762
 91    18.779 55391.09142598 22.63 295.851162   7.998143  5.762
 91    18.937 55391.09142662 22.77 295.850432   8.001443  5.762
 91    20.188 55391.09142727 22.97 295.849692   8.004753  5.762
 91    20.424 55391.09142791 24.78 295.848952   8.008053  5.762
 92    52.048 55426.09143756  0.59 295.858205   7.974692  6.234
 92    40.973 55426.09143820  5.60 295.857475   7.977992  6.234
 92    41.601 55426.09143884  6.47 295.856735   7.981302  6.234
 92    20.514 55426.09144013 24.98 295.855265   7.987912  6.234
 92    20.334 55426.09144078 29.50 295.854525   7.991212  6.234
 92    20.258 55426.09144142 31.06 295.853795   7.994522  6.234
 92    20.656 55426.09144207 29.69 295.853055   7.997822  6.234
 92    20.642 55426.09144271 29.87 295.852315   8.001132  6.234
 92    21.127 55426.09144336 29.17 295.851585   8.004432  6.234
 92    22.109 55426.09144400 29.53 295.850845   8.007742  6.234
 92    22.227 55426.09144465 30.12 295.850105   8.011042  6.234
 93    40.357 55461.09140502  3.66 295.859352   7.975062  8.466
 93    41.014 55461.09140566  3.10 295.858612   7.978372  8.466
 93    19.254 55461.09140695 26.56 295.857142   7.984982  8.466
 93    19.533 55461.09140760 26.66 295.856402   7.988282  8.466
 93    19.354 55461.09140824 25.79 295.855672   7.991592  8.466
 93    19.320 55461.09140889 26.02 295.854932   7.994892  8.466
 93    19.392 55461.09140953 24.93 295.854202   7.998202  8.466
 93    19.296 55461.09141018 24.80 295.853462   8.001502  8.466
 93    19.417 55461.09141082 24.91 295.852722   8.004812  8.466
