#    0.000   0.000   0.000 ;Mean Elev.(m), Avg Gradient(m/km), RMS Gradient(m/km) - SRTM1     
#    0.000   0.000   0.000 ;Mean Elev.(m), Avg Gradient(m/km), RMS Gradient(m/km) - ASTER GDEM
#   54.972  -2.296  15.358 ;Mean Elev.(m), Avg Gradient(m/km), RMS Gradient(m/km) - GMTED2010 
  8 292.384209   5.516244    66.133    66.101  6 52499.60684931 35.237
  9 292.381871   5.516367    65.279    65.229  7 52534.60683699 40.470
 10 292.384747   5.517395    61.046    61.037  6 52569.60686658 45.496
 11 292.382155   5.517242    62.635    62.586  6 52604.60684800 42.601
 12 292.382231   5.516565    59.013    58.940  7 52639.60683042 43.830
 13 292.383464   5.516083    54.675    54.659  6 52674.60682561 45.580
 14 292.383142   5.515287    54.220    54.069  6 52709.60684225 48.142
 16 292.383225   5.517527    63.268    63.309  6 52779.60680611 40.691
 17 292.381441   5.516817    64.876    64.902  7 52814.60689003 40.022
 18 292.384035   5.516305    66.173    66.110  6 52849.60694271 37.201
 19 292.380406   5.516708    65.952    65.992  7 52884.60697812 45.313
 20 292.384140   5.516525    63.997    63.981  6 52919.60693440 37.944
 21 292.391687   5.525637    62.620    62.597  5 52954.60689602 42.431
 22 292.394408   5.525477    60.615    60.668  5 52989.60690619 46.224
 23 292.392801   5.524267    57.200    57.196  5 53024.60688643 36.228
 24 292.395180   5.526714    53.803    53.808  5 53059.60688447 48.427
 25 292.376816   5.517930    55.099    55.093  7 53094.60692385 44.862
 26 292.392352   5.526637    59.890    59.927  5 53129.60689332 49.428
 28 292.383989   5.516481    65.534    65.501  6 53199.60696610 37.556
 29 292.394234   5.525641    65.325    65.323  5 53234.60693399 34.752
 30 292.383731   5.515320    64.709    64.647  6 53269.60690119 36.590
 31 292.376961   5.517242    62.519    62.457  6 53304.60696279 36.611
 32 292.382954   5.516390    61.075    61.075  7 53339.60693150 46.505
 33 292.386030   5.516051    58.341    58.354  7 53374.60686295 46.021
 34 292.387605   5.519171    55.776    55.767  6 53409.60690486 46.071
 35 292.383750   5.517218    56.118    56.104  6 53444.60688852 43.301
 36 292.378444   5.517997    60.676    60.673  7 53479.60696752 49.137
 37 292.383577   5.515239    63.651    63.664  6 53514.60697491 39.309
 38 292.378553   5.517421    64.752    64.749  6 53549.60699399 45.605
 39 292.384969   5.514992    64.989    65.018  6 53584.60695658 34.890
 40 292.380609   5.517879    64.771    64.778  6 53619.60691277 45.523
 41 292.383211   5.516241    61.339    61.288  7 53654.60693961 45.994
 42 292.381163   5.517139    61.782    61.776  6 53689.60693444 45.755
 43 292.385647   5.515658    60.048    60.076  6 53724.60685896 46.367
 44 292.393796   5.524887    58.016    58.024  5 53759.60679978 50.849
 45 292.388408   5.520545    56.724    56.687  5 53794.60681953 42.175
 46 292.389421   5.521375    58.517    58.552  4 53829.60679538 50.112
 47 292.381690   5.517274    61.486    61.468  6 53864.60687552 42.774
 48 292.383590   5.515233    64.140    64.110  6 53899.60690135 38.917
 49 292.374306   5.517958    65.983    66.016  6 53934.60694460 40.632
 50 292.378838   5.517602    65.774    65.711  7 53969.60691478 34.730
 51 292.388303   5.520681    63.384    63.431  5 54004.60688794 38.303
 52 292.388455   5.520416    62.408    62.409  4 54039.60692054 44.044
 53 292.385016   5.517436    61.951    61.961  6 54074.60691570 43.890
 54 292.382395   5.516866    58.740    58.727  6 54109.60686034 44.595
 55 292.383841   5.514990    55.006    54.982  6 54144.60685409 47.781
 56 292.382483   5.515474    54.358    54.313  6 54179.60684586 47.732
 57 292.383333   5.516702    60.017    60.049  7 54214.60686121 47.589
 58 292.383424   5.515987    63.270    63.194  6 54249.60688886 35.528
 59 292.384935   5.516130    65.842    65.803  6 54284.60689678 36.658
 60 292.385624   5.516628    65.690    65.619  6 54319.60689394 36.009
 61 292.384367   5.515010    64.589    64.575  6 54354.60685714 34.356
 62 292.385285   5.517146    63.599    63.541  6 54389.60683433 38.216
 63 292.383963   5.516075    61.556    61.555  6 54424.60680718 43.760
 64 292.385642   5.516968    59.372    59.361  6 54459.60680989 47.887
 65 292.384921   5.516466    56.697    56.605  6 54494.60681211 36.815
 66 292.386469   5.516420    55.808    55.809  6 54529.60682277 45.795
 67 292.383358   5.515070    55.150    55.116  6 54564.60681869 48.696
 68 292.384083   5.516021    60.255    60.251  6 54599.60681815 47.224
 69 292.382819   5.516659    63.842    63.769  6 54634.60683095 33.605
 70 292.383156   5.517208    66.616    66.128  6 54669.60683517 31.770
 71 292.384944   5.514589    65.494    65.544  6 54704.60679885 34.070
 72 292.384707   5.516244    63.167    63.155  6 54739.60679837 41.457
 73 292.385377   5.517481    62.135    62.078  6 54774.60678003 39.653
 74 292.384100   5.515363    62.290    62.258  6 54809.60679172 39.159
 75 292.383810   5.515207    59.158    59.045  6 54844.60677870 36.760
 76 292.382949   5.516790    57.904    57.776  6 54879.60679528 37.909
 77 292.381808   5.516338    57.237    57.222  6 54914.60678227 48.468
 79 292.382084   5.515704    60.570    60.588  6 54984.60681256 40.133
 80 292.384849   5.515259    64.551    64.564  6 55019.60680821 36.461
 81 292.385107   5.516110    65.435    65.526  7 55054.60680396 36.595
 82 292.383020   5.516340    63.730    63.688  6 55089.60676446 36.615
 83 292.385172   5.516109    61.995    61.977  7 55124.60674207 42.684
 84 292.383247   5.517421    59.261    59.104  6 55159.60672529 45.595
 85 292.384217   5.515671    56.695    56.706  6 55194.60673203 35.552
 86 292.382759   5.516891    54.358    54.229  6 55229.60672812 46.358
 87 292.385017   5.516988    54.395    54.242  6 55264.60672701 45.241
 88 292.384617   5.516972    58.272    58.436  6 55299.60670985 25.780
 89 292.383085   5.516119    63.609    63.579  6 55334.60670429 38.877
 90 292.384661   5.516017    64.780    64.760  6 55369.60669547 36.861
 91 292.385113   5.514754    65.353    65.380  6 55404.60671254 34.733
 92 292.385519   5.517252    65.423    65.376  6 55439.60671332 31.670
 93 292.384718   5.516889    62.499    62.511  6 55474.60665962 40.814
