#    0.000   0.000   0.000 ;Mean Elev.(m), Avg Gradient(m/km), RMS Gradient(m/km) - SRTM1     
#    0.000   0.000   0.000 ;Mean Elev.(m), Avg Gradient(m/km), RMS Gradient(m/km) - ASTER GDEM
#   21.684  -0.770   2.286 ;Mean Elev.(m), Avg Gradient(m/km), RMS Gradient(m/km) - GMTED2010 
  8    35.676 52480.60447740 43.29 293.549599   7.555008 19.501
  8    35.694 52480.60447805 42.90 293.548859   7.551708 19.501
  8    35.686 52480.60447869 43.25 293.548129   7.548398 19.501
  8    35.687 52480.60447934 44.50 293.547389   7.545098 19.501
  8    35.711 52480.60447998 45.36 293.546659   7.541788 19.501
  8    35.705 52480.60448062 46.06 293.545919   7.538478 19.501
  9    34.688 52515.60442632 26.17 293.559607   7.559524 12.946
  9    34.982 52515.60442697 27.65 293.558867   7.556224 12.946
  9    35.342 52515.60442761 28.44 293.558137   7.552914 12.946
  9    35.499 52515.60442826 33.34 293.557397   7.549604 12.946
  9    35.564 52515.60442890 33.09 293.556667   7.546304 12.946
  9    35.685 52515.60442955 36.92 293.555937   7.542994 12.946
 10    33.074 52550.60447395 22.66 293.550539   7.556619 12.250
 10    33.321 52550.60447459 23.74 293.549799   7.553319 12.250
 10    33.427 52550.60447524 24.69 293.549069   7.550009 12.250
 10    33.359 52550.60447588 27.72 293.548329   7.546709 12.250
 10    33.460 52550.60447653 31.58 293.547599   7.543399 12.250
 10    33.570 52550.60447717 31.97 293.546859   7.540099 12.250
 11    30.102 52585.60444624 21.05 293.564149   7.562722 11.292
 11    30.356 52585.60444689 21.03 293.563410   7.559415 28.462
 11    30.590 52585.60444753 24.23 293.562680   7.556105 28.462
 11    30.885 52585.60444818 29.43 293.561940   7.552805 28.462
 12    29.092 52620.60442992 14.26 293.551464   7.555258  7.682
 12    28.948 52620.60443056 17.72 293.550724   7.551958  7.682
 12    28.756 52620.60443121 19.25 293.549994   7.548648  7.682
 12    28.829 52620.60443185 20.10 293.549254   7.545348  7.682
 12    29.292 52620.60443250 18.56 293.548524   7.542038  7.682
 12    29.575 52620.60443314 18.25 293.547784   7.538738  7.682
 15    23.792 52725.60445723 20.40 293.556455   7.559073 10.961
 15    23.727 52725.60445787 21.29 293.555715   7.555773 10.961
 15    23.588 52725.60445852 20.36 293.554985   7.552463 10.961
 15    25.359 52725.60445916 17.43 293.554245   7.549163 10.961
 15    25.663 52725.60445981 17.01 293.553515   7.545853 10.961
 15    24.989 52725.60446045 19.34 293.552775   7.542553 10.961
 15    25.427 52725.60446109 23.17 293.552045   7.539243 10.961
 15    24.016 52725.60446174 29.30 293.551306   7.535938 13.261
 17    31.305 52795.60443079 22.81 293.561973   7.561599 17.545
 17    31.588 52795.60443144 25.16 293.561233   7.558299 17.545
 17    31.729 52795.60443208 27.94 293.560503   7.554989 17.545
 17    31.828 52795.60443272 33.85 293.559763   7.551689 17.545
 17    31.939 52795.60443337 36.75 293.559033   7.548379 17.545
 18    32.924 52830.60449714 24.20 293.563841   7.562992 20.566
 18    33.153 52830.60449778 26.70 293.563111   7.559682 20.566
 18    33.339 52830.60449842 29.62 293.562371   7.556382 20.566
 18    33.642 52830.60449907 32.61 293.561641   7.553072 20.566
 18    33.753 52830.60449971 43.49 293.560901   7.549772 20.566
 19    35.275 52865.60454103 34.65 293.565455   7.563221 18.150
 19    35.393 52865.60454167 35.92 293.564715   7.559921 18.150
 19    35.505 52865.60454232 37.14 293.563985   7.556611 18.150
 19    35.607 52865.60454296 41.39 293.563245   7.553311 18.150
 20    34.261 52900.60457135 26.22 293.553090   7.556982 11.122
 20    34.373 52900.60457199 27.27 293.552350   7.553682 11.122
 20    34.485 52900.60457264 27.94 293.551620   7.550372 11.122
 20    34.477 52900.60457328 29.15 293.550880   7.547072 11.122
 20    34.588 52900.60457393 29.76 293.550150   7.543762 11.122
 20    34.660 52900.60457457 31.21 293.549410   7.540462 11.122
 20    34.830 52900.60457521 31.12 293.548680   7.537152 11.122
 21    32.222 52935.60451355 22.65 293.551789   7.556774 12.378
 21    32.515 52935.60451419 23.09 293.551049   7.553474 12.378
 21    32.620 52935.60451484 26.85 293.550319   7.550164 12.378
 21    32.782 52935.60451548 28.35 293.549579   7.546864 12.378
 21    32.755 52935.60451613 29.34 293.548849   7.543554 12.378
 21    32.954 52935.60451677 29.98 293.548109   7.540254 12.378
 21    32.999 52935.60451741 30.64 293.547379   7.536944 12.378
 22    31.217 52970.60453484 19.77 293.554122   7.555979 17.003
 22    31.472 52970.60453549 20.40 293.553392   7.552679 17.003
 22    31.449 52970.60453613 22.48 293.552652   7.549369 17.003
 22    31.530 52970.60453678 23.45 293.551922   7.546059 17.003
 22    31.460 52970.60453742 25.27 293.551182   7.542759 17.003
 22    31.606 52970.60453807 25.15 293.550452   7.539449 17.003
 22    31.780 52970.60453871 26.72 293.549712   7.536149 17.003
 23    28.095 53005.60455062 28.13 293.547817   7.554330 24.785
 23    28.181 53005.60455127 26.62 293.547087   7.551020 24.785
 23    28.176 53005.60455191 24.08 293.546347   7.547720 24.785
 23    28.393 53005.60455256 20.43 293.545617   7.544410 24.785
 23    29.664 53005.60455320 19.34 293.544877   7.541110 24.785
 24    24.943 53040.60450023 20.51 293.552956   7.558013  7.022
 24    26.775 53040.60450088 17.62 293.552226   7.554703  7.022
 24    27.078 53040.60450152 15.49 293.551486   7.551403  7.022
 24    27.586 53040.60450217 13.72 293.550746   7.548093  7.022
 24    27.600 53040.60450281 14.21 293.550016   7.544793  7.022
 24    27.637 53040.60450346 14.74 293.549276   7.541483  7.022
 24    27.424 53040.60450410 14.41 293.548546   7.538183  7.022
 25    24.612 53075.60453334 22.12 293.550679   7.556409 12.158
 25    26.411 53075.60453398 17.31 293.549939   7.553099 12.158
 25    26.774 53075.60453463 16.79 293.549209   7.549799 12.158
 25    27.321 53075.60453527 14.62 293.548469   7.546499 12.158
 25    27.390 53075.60453592 14.68 293.547739   7.543189 12.158
 25    27.217 53075.60453656 13.82 293.547003   7.539883  9.859
 26    25.457 53110.60450319 19.81 293.549226   7.555812 13.393
 26    26.194 53110.60450384 18.82 293.548496   7.552502 13.393
 26    26.716 53110.60450448 17.40 293.547766   7.549202 13.393
 26    26.956 53110.60450512 16.56 293.547020   7.545896  9.060
 26    26.956 53110.60450577 15.04 293.546290   7.542596  9.060
 26    26.794 53110.60450641 13.71 293.545560   7.539286  9.060
 27    30.312 53145.60454526 35.57 293.552036   7.555511 15.836
 27    30.452 53145.60454591 33.66 293.551306   7.552211 15.836
 27    30.486 53145.60454655 33.80 293.550566   7.548901 15.836
 27    30.513 53145.60454720 33.90 293.549836   7.545601 15.836
 27    30.524 53145.60454784 32.09 293.549096   7.542295 18.076
 27    30.544 53145.60454849 30.78 293.548366   7.538995 18.076
 28    32.971 53180.60455434 26.29 293.559453   7.560732 17.432
 28    33.288 53180.60455499 26.23 293.558723   7.557422 17.432
 28    33.559 53180.60455563 28.57 293.557983   7.554122 17.432
 28    33.770 53180.60455628 28.14 293.557253   7.550812 17.432
 28    33.827 53180.60455692 30.87 293.556513   7.547512 17.432
 28    33.826 53180.60455756 31.70 293.555783   7.544202 17.432
 28    33.968 53180.60455821 33.96 293.555043   7.540902 17.432
 29    35.402 53215.60457749 46.66 293.553204   7.558035 19.872
 29    35.442 53215.60457813 45.38 293.552474   7.554725 19.872
 29    35.530 53215.60457878 44.72 293.551734   7.551425 19.872
 29    35.561 53215.60457942 44.87 293.551004   7.548115 19.872
 29    35.482 53215.60458007 43.75 293.550264   7.544815 19.872
 29    35.446 53215.60458071 40.46 293.549534   7.541505 19.872
 29    35.456 53215.60458136 39.82 293.548794   7.538205 19.872
 30    34.946 53250.60455308 26.09 293.551697   7.555927 18.600
 30    34.992 53250.60455372 28.50 293.550963   7.552619 20.888
 30    35.109 53250.60455437 34.30 293.550233   7.549319 20.888
 30    35.088 53250.60455501 30.81 293.549493   7.546009 20.888
 30    35.221 53250.60455566 31.72 293.548753   7.542709 20.888
 30    35.303 53250.60455630 31.20 293.548023   7.539399 20.888
 31    33.938 53285.60454749 33.16 293.549630   7.555603 18.955
 31    34.053 53285.60454813 36.55 293.548900   7.552293 18.955
 31    33.894 53285.60454878 39.14 293.548160   7.548993 18.955
 31    33.842 53285.60454942 40.39 293.547430   7.545683 18.955
 31    33.995 53285.60455007 42.90 293.546690   7.542383 18.955
 31    34.104 53285.60455071 43.16 293.545960   7.539073 18.955
 32    30.779 53320.60452609 20.81 293.564250   7.562346 27.227
 32    30.934 53320.60452674 24.23 293.563510   7.559036 27.227
 32    31.150 53320.60452738 26.52 293.562780   7.555736 27.227
 32    31.257 53320.60452803 32.27 293.562040   7.552426 27.227
 33    29.159 53355.60449499 15.63 293.561733   7.562845 19.459
 33    29.823 53355.60449564 15.43 293.561003   7.559535 19.459
 33    30.640 53355.60449628 14.77 293.560273   7.556225 19.459
 33    31.006 53355.60449693 16.24 293.559533   7.552925 19.459
 33    31.123 53355.60449757 17.08 293.558803   7.549615 19.459
 33    31.651 53355.60449822 14.87 293.558063   7.546315 19.459
 34    27.734 53390.60450627 17.62 293.554143   7.555671  8.591
 34    26.457 53390.60450692 18.98 293.553403   7.552371  8.591
 34    26.932 53390.60450756 16.92 293.552673   7.549061  8.591
 34    27.297 53390.60450821 16.38 293.551933   7.545761  8.591
 34    27.011 53390.60450885 17.06 293.551203   7.542451  8.591
 34    27.077 53390.60450950 17.48 293.550463   7.539151  8.591
 34    27.308 53390.60451014 20.24 293.549733   7.535841  8.591
 35    28.742 53425.60450269 12.99 293.560192   7.559432 13.570
 35    29.304 53425.60450333 12.04 293.559452   7.556132 13.570
 35    29.226 53425.60450398 12.35 293.558722   7.552822 13.570
 35    30.423 53425.60450462 11.22 293.557982   7.549522 13.570
 35    31.220 53425.60450527 11.31 293.557252   7.546212 13.570
 36    25.474 53460.60451025 15.94 293.561535   7.560360 11.611
 36    27.397 53460.60451090 14.41 293.560795   7.557060 11.611
 36    27.806 53460.60451154 14.05 293.560065   7.553750 11.611
 36    26.441 53460.60451219 16.11 293.559325   7.550450 11.611
 36    26.466 53460.60451283 20.65 293.558595   7.547140 11.611
 38    31.815 53530.60456863 39.82 293.561064   7.560714 19.676
 38    31.816 53530.60456927 41.85 293.560334   7.557404 19.676
 38    31.885 53530.60456992 42.72 293.559594   7.554104 19.676
 38    31.956 53530.60457056 41.99 293.558864   7.550794 19.676
 38    31.977 53530.60457120 40.05 293.558124   7.547494 19.676
 39    33.299 53565.60459903 39.12 293.546960   7.551329 20.166
 39    33.354 53565.60459967 42.47 293.546220   7.548029 20.166
 39    33.431 53565.60460032 44.16 293.545490   7.544719 20.166
 39    33.446 53565.60460096 40.85 293.544750   7.541419 20.166
 39    33.407 53565.60460161 40.52 293.544020   7.538109 20.166
 40    34.335 53600.60454004 45.26 293.557247   7.559162 27.606
 40    34.360 53600.60454069 47.10 293.556517   7.555852 27.606
 40    34.342 53600.60454133 46.87 293.555777   7.552552 27.606
 40    34.354 53600.60454198 46.97 293.555047   7.549242 27.606
 40    34.381 53600.60454262 47.13 293.554307   7.545942 27.606
 40    34.411 53600.60454327 46.99 293.553577   7.542632 27.606
 40    34.451 53600.60454391 50.91 293.552837   7.539332 27.606
 40    34.464 53600.60454455 48.41 293.552107   7.536022 27.606
 41    32.896 53635.60453759 22.01 293.551659   7.556683 12.466
 41    33.103 53635.60453824 23.58 293.550929   7.553373 12.466
 41    33.145 53635.60453888 25.11 293.550189   7.550073 12.466
 41    33.187 53635.60453953 26.92 293.549459   7.546763 12.466
 41    33.261 53635.60454017 28.50 293.548719   7.543463 12.466
 41    33.340 53635.60454081 28.02 293.547989   7.540153 12.466
 41    33.375 53635.60454146 29.50 293.547249   7.536853 12.466
 42    29.855 53670.60455913 18.89 293.549409   7.556512 11.572
 42    30.167 53670.60455977 17.78 293.548679   7.553202 11.572
 42    30.187 53670.60456042 18.99 293.547939   7.549902 11.572
 42    30.192 53670.60456106 21.39 293.547209   7.546592 11.572
 42    30.206 53670.60456171 22.70 293.546469   7.543292 11.572
 42    30.404 53670.60456235 22.85 293.545739   7.539982 11.572
 43    30.182 53705.60449150 18.48 293.562547   7.562733 23.279
 43    30.422 53705.60449215 19.02 293.561807   7.559423 23.279
 43    30.730 53705.60449279 19.83 293.561077   7.556113 23.279
 43    31.012 53705.60449344 20.87 293.560337   7.552813 23.279
 43    31.151 53705.60449408 20.91 293.559607   7.549503 23.279
 44    28.700 53740.60440479 15.04 293.558612   7.558358 16.548
 44    30.133 53740.60440544 14.23 293.557882   7.555048 16.548
 44    27.374 53740.60440608 15.54 293.557142   7.551748 16.548
 44    30.796 53740.60440673 14.11 293.556412   7.548438 16.548
 44    31.096 53740.60440737 13.14 293.555672   7.545138 16.548
 44    26.952 53740.60440802 30.95 293.554942   7.541828 16.548
 45    27.260 53775.60442566 14.36 293.561653   7.560927 18.210
 45    29.232 53775.60442631 13.76 293.560913   7.557627 18.210
 45    27.993 53775.60442695 14.22 293.560183   7.554317 18.210
 45    27.976 53775.60442760 14.30 293.559443   7.551017 18.210
 45    30.798 53775.60442824 13.89 293.558713   7.547707 18.210
 46    25.067 53810.60440717 17.78 293.557586   7.559211 24.140
 46    24.913 53810.60440782 18.93 293.556856   7.555901 24.140
 46    25.822 53810.60440846 16.80 293.556116   7.552601 24.140
 46    26.087 53810.60440911 15.90 293.555386   7.549291 24.140
 46    26.248 53810.60440975 15.40 293.554656   7.545981 24.140
 46    26.475 53810.60441040 19.00 293.553916   7.542681 24.140
 46    26.509 53810.60441104 23.13 293.553186   7.539371 24.140
 47    26.322 53845.60445363 19.25 293.552504   7.555716  8.710
 47    26.260 53845.60445428 18.48 293.551764   7.552416  8.710
 47    26.370 53845.60445492 17.85 293.551034   7.549106  8.710
 47    26.406 53845.60445557 17.96 293.550294   7.545806  8.710
 47    26.285 53845.60445621 18.83 293.549564   7.542496  8.710
 47    26.366 53845.60445685 17.96 293.548824   7.539196  8.710
 48    31.139 53880.60447864 31.25 293.560100   7.559585 12.415
 48    31.080 53880.60447928 30.73 293.559370   7.556275 12.415
 48    30.983 53880.60447993 30.00 293.558630   7.552975 12.415
 48    30.879 53880.60448057 30.20 293.557900   7.549665 12.415
 48    30.983 53880.60448122 29.75 293.557160   7.546365 12.415
 48    31.360 53880.60448186 31.53 293.556430   7.543055 12.415
 51    35.186 53985.60448212 31.61 293.554595   7.557707 15.667
 51    35.042 53985.60448276 32.86 293.553865   7.554397 15.667
 51    35.066 53985.60448341 35.24 293.553125   7.551097 15.667
 51    35.079 53985.60448405 36.42 293.552395   7.547787 15.667
 51    34.963 53985.60448470 34.42 293.551665   7.544477 15.667
 51    35.136 53985.60448534 34.28 293.550925   7.541177 15.667
 51    35.166 53985.60448599 35.76 293.550195   7.537867 15.667
 52    31.711 54020.60452073 18.94 293.557127   7.558921 20.900
 52    31.946 54020.60452137 19.55 293.556387   7.555621 20.900
 52    32.054 54020.60452202 20.42 293.555657   7.552311 20.900
 52    32.114 54020.60452266 22.61 293.554917   7.549011 20.900
 52    32.269 54020.60452331 23.75 293.554187   7.545701 20.900
 52    32.424 54020.60452395 26.60 293.553447   7.542401 20.900
 52    32.534 54020.60452460 28.75 293.552717   7.539091 20.900
 53    30.330 54055.60451171 20.60 293.564700   7.561829 26.524
 53    30.565 54055.60451236 22.59 293.563970   7.558519 26.524
 53    30.903 54055.60451300 26.24 293.563230   7.555219 26.524
 53    31.326 54055.60451365 29.72 293.562500   7.551909 26.524
 54    28.976 54090.60449944 14.88 293.555886   7.557263 19.597
 54    28.816 54090.60450008 16.61 293.555156   7.553963 19.597
 54    28.853 54090.60450073 16.72 293.554416   7.550653 19.597
 54    28.832 54090.60450137 18.61 293.553686   7.547343 19.597
 54    29.049 54090.60450202 19.36 293.552946   7.544043 19.597
 54    29.255 54090.60450266 18.72 293.552216   7.540733 19.597
 54    29.286 54090.60450331 18.43 293.551476   7.537433 19.597
 55    25.199 54125.60442751 18.99 293.557734   7.559199 10.697
 55    26.261 54125.60442816 17.50 293.556994   7.555889 10.697
 55    25.607 54125.60442880 18.02 293.556264   7.552579 10.697
 55    26.621 54125.60442945 16.50 293.555524   7.549279 10.697
 55    27.139 54125.60443009 14.90 293.554788   7.545973 21.239
 55    27.018 54125.60443074 19.78 293.554058   7.542673 21.239
 55    26.900 54125.60443138 20.92 293.553318   7.539363 21.239
 56    25.038 54160.60446720 18.21 293.553864   7.556169 13.895
 56    26.210 54160.60446785 14.81 293.553124   7.552859 13.895
 56    26.789 54160.60446849 12.52 293.552394   7.549559 13.895
 56    26.954 54160.60446914 13.04 293.551654   7.546249 13.895
 56    26.857 54160.60446978 13.87 293.550924   7.542949 13.895
 56    26.764 54160.60447042 14.62 293.550186   7.539643 17.397
 56    26.804 54160.60447107 13.87 293.549456   7.536343 17.397
 57    24.709 54195.60442980 16.97 293.556523   7.557612 15.326
 57    25.304 54195.60443044 15.60 293.555793   7.554302 15.326
 57    26.380 54195.60443109 14.35 293.555053   7.551002 15.326
 57    26.012 54195.60443173 14.56 293.554323   7.547692 15.326
 57    25.935 54195.60443238 16.44 293.553583   7.544392 15.326
 57    25.683 54195.60443302 21.16 293.552853   7.541082 15.326
 57    25.450 54195.60443367 28.96 293.552113   7.537782 15.326
 58    28.073 54230.60447883 18.10 293.555871   7.557671 15.788
 58    27.940 54230.60447948 18.65 293.555131   7.554361 15.788
 58    27.849 54230.60448012 18.77 293.554401   7.551061 15.788
 58    28.018 54230.60448076 16.77 293.553661   7.547753 27.483
 58    28.438 54230.60448141 16.43 293.552931   7.544453 27.483
 58    28.513 54230.60448205 19.29 293.552191   7.541143 27.483
 58    28.558 54230.60448270 21.28 293.551461   7.537843 27.483
 59    31.540 54265.60449684 19.46 293.556157   7.556534 14.422
 59    31.715 54265.60449748 20.32 293.555417   7.553234 14.422
 59    31.817 54265.60449813 21.72 293.554687   7.549924 14.422
 59    31.939 54265.60449877 23.25 293.553948   7.546618 31.868
 59    32.057 54265.60449942 25.50 293.553218   7.543308 31.868
 59    32.116 54265.60450006 28.85 293.552478   7.540008 31.868
 59    32.180 54265.60450070 31.96 293.551748   7.536698 31.868
 60    35.185 54300.60450126 45.02 293.556995   7.558224 28.835
 60    35.185 54300.60450191 45.94 293.556255   7.554924 28.835
 60    35.199 54300.60450255 45.32 293.555525   7.551614 28.835
 60    35.202 54300.60450320 45.66 293.554785   7.548314 28.835
 60    35.236 54300.60450384 45.55 293.554055   7.545004 28.835
 60    35.281 54300.60450449 47.95 293.553315   7.541704 28.835
 60    35.343 54300.60450513 49.36 293.552585   7.538394 28.835
 61    34.923 54335.60449008 35.15 293.555792   7.556951 16.361
 61    34.958 54335.60449072 35.93 293.555062   7.553641 16.361
 61    34.936 54335.60449137 36.05 293.554322   7.550331 16.361
 61    34.871 54335.60449201 35.60 293.553592   7.547031 16.361
 61    34.848 54335.60449266 33.99 293.552856   7.543723 20.296
 61    35.017 54335.60449330 33.91 293.552126   7.540423 20.296
 61    35.001 54335.60449395 33.51 293.551386   7.537113 20.296
 63    31.997 54405.60443472 21.16 293.554781   7.557530 15.797
 63    32.084 54405.60443537 21.15 293.554041   7.554230 15.797
 63    32.142 54405.60443601 23.57 293.553311   7.550920 15.797
 63    32.181 54405.60443666 24.93 293.552571   7.547620 15.797
 63    32.304 54405.60443730 25.76 293.551841   7.544310 15.797
 63    32.542 54405.60443795 27.26 293.551101   7.541010 15.797
 63    32.612 54405.60443859 27.86 293.550371   7.537700 15.797
 64    30.131 54440.60439222 16.83 293.557064   7.556799 10.694
 64    30.609 54440.60439287 17.66 293.556334   7.553489 10.694
 64    30.864 54440.60439351 17.46 293.555594   7.550189 10.694
 64    30.770 54440.60439416 17.08 293.554864   7.546879 10.694
 64    29.602 54440.60439480 21.70 293.554124   7.543579 10.694
 64    29.941 54440.60439545 22.12 293.553394   7.540269 10.694
 64    30.026 54440.60439609 20.39 293.552654   7.536969 10.694
 65    26.868 54475.60442167 18.44 293.557449   7.558929 17.012
 65    27.072 54475.60442232 17.22 293.556719   7.555619 17.012
 65    30.030 54475.60442296 17.43 293.555979   7.552319 17.012
 65    30.493 54475.60442360 15.55 293.555249   7.549009 17.012
 65    30.896 54475.60442425 14.79 293.554509   7.545709 17.012
 65    27.388 54475.60442489 19.75 293.553779   7.542399 17.012
 65    27.475 54475.60442554 23.19 293.553039   7.539099 17.012
 66    24.453 54510.60440697 18.31 293.557275   7.558875 20.999
 66    26.009 54510.60440762 17.40 293.556545   7.555575 20.999
 66    26.139 54510.60440826 17.28 293.555805   7.552275 20.999
 66    27.066 54510.60440891 13.89 293.555065   7.548965 20.999
 66    30.509 54510.60440955 13.51 293.554335   7.545655 20.999
 66    26.516 54510.60441020 23.63 293.553595   7.542355 20.999
 66    26.646 54510.60441084 25.24 293.552865   7.539045 20.999
 67    25.203 54545.60443574 17.39 293.556161   7.559149  9.385
 67    27.770 54545.60443638 13.96 293.555421   7.555849  9.385
 67    27.630 54545.60443703 13.04 293.554691   7.552539  9.385
 67    27.436 54545.60443767 11.96 293.553951   7.549229  9.385
 67    26.569 54545.60443832 12.69 293.553221   7.545929  9.385
 67    25.912 54545.60443896 23.20 293.552481   7.542619  9.385
 67    26.110 54545.60443960 21.37 293.551751   7.539319  9.385
 67    25.846 54545.60444025 21.25 293.551014   7.536011 19.494
 68    24.928 54580.60440220 29.76 293.557580   7.557371 25.329
 68    24.750 54580.60440285 28.74 293.556840   7.554071 25.329
 68    24.657 54580.60440349 26.27 293.556110   7.550761 25.329
 68    25.469 54580.60440414 23.35 293.555370   7.547461 25.329
 68    25.938 54580.60440478 23.31 293.554640   7.544151 25.329
 68    25.703 54580.60440542 20.85 293.553900   7.540841 25.329
 69    28.748 54615.60442529 17.85 293.556938   7.557847  8.625
 69    28.736 54615.60442593 18.15 293.556198   7.554547  8.625
 69    28.799 54615.60442658 16.64 293.555468   7.551237  8.625
 69    28.742 54615.60442722 18.74 293.554728   7.547937  8.625
 69    29.395 54615.60442787 18.40 293.553998   7.544627  8.625
 69    29.477 54615.60442851 21.67 293.553258   7.541327  8.625
 69    29.353 54615.60442915 19.65 293.552528   7.538017  8.625
 70    32.843 54650.60443818 31.88 293.553516   7.555590 13.031
 70    32.830 54650.60443883 31.77 293.552776   7.552290 13.031
 70    32.884 54650.60443947 33.60 293.552046   7.548980 13.031
 70    32.958 54650.60444012 31.95 293.551306   7.545680 13.031
 70    32.998 54650.60444076 32.24 293.550576   7.542370 13.031
 70    33.123 54650.60444140 32.82 293.549836   7.539070 13.031
 71    34.808 54685.60443102 24.88 293.555079   7.557597  9.773
 71    34.914 54685.60443166 25.76 293.554349   7.554287  9.773
 71    35.032 54685.60443231 27.09 293.553609   7.550987  9.773
 71    35.034 54685.60443295 28.76 293.552879   7.547677  9.773
 71    35.180 54685.60443360 29.21 293.552139   7.544377  9.773
 71    35.261 54685.60443424 31.62 293.551409   7.541067  9.773
 71    35.304 54685.60443489 33.86 293.550679   7.537767  9.773
 72    34.333 54720.60438202 35.48 293.557724   7.557817 17.189
 72    34.336 54720.60438266 37.26 293.556984   7.554517 17.189
 72    34.354 54720.60438331 36.56 293.556254   7.551207 17.189
 72    34.418 54720.60438395 36.32 293.555524   7.547907 17.189
 72    34.510 54720.60438460 37.90 293.554779   7.544602 22.898
 72    34.607 54720.60438524 40.63 293.554049   7.541292 22.898
 72    34.606 54720.60438588 41.12 293.553309   7.537992 22.898
 73    31.594 54755.60440589 21.51 293.555307   7.558614 13.110
 73    31.722 54755.60440654 21.25 293.554577   7.555304 13.110
 73    31.648 54755.60440718 22.09 293.553837   7.552004 13.110
 73    31.840 54755.60440782 22.88 293.553107   7.548694 13.110
 73    32.068 54755.60440847 24.44 293.552367   7.545384 13.110
 73    32.135 54755.60440911 25.34 293.551637   7.542084 13.110
 73    32.153 54755.60440976 27.73 293.550899   7.538779 33.423
 74    30.851 54790.60437616 34.23 293.555015   7.556395 21.370
 74    30.930 54790.60437681 34.50 293.554275   7.553095 21.370
 74    30.859 54790.60437745 37.33 293.553545   7.549785 21.370
 74    30.965 54790.60437810 34.33 293.552805   7.546485 21.370
 74    30.987 54790.60437874 35.64 293.552075   7.543175 21.370
 74    30.991 54790.60437939 37.70 293.551335   7.539875 21.370
 74    30.992 54790.60438003 43.31 293.550605   7.536565 21.370
 75    28.925 54825.60440175 17.25 293.556462   7.558357 11.074
 75    28.970 54825.60440240 18.29 293.555732   7.555047 11.074
 75    29.603 54825.60440304 18.38 293.554992   7.551747 11.074
 75    30.409 54825.60440368 17.53 293.554262   7.548437 11.074
 75    29.326 54825.60440433 19.57 293.553522   7.545137 11.074
 75    29.482 54825.60440497 20.46 293.552792   7.541827 11.074
 75    29.511 54825.60440562 19.75 293.552051   7.538520 27.475
 75    29.355 54825.60440626 26.44 293.551321   7.535220 27.475
 76    28.017 54860.60436918 14.74 293.557494   7.558432 21.583
 76    26.543 54860.60436983 16.77 293.556754   7.555132 21.583
 76    27.116 54860.60437047 15.92 293.556024   7.551822 21.583
 76    30.328 54860.60437112 13.25 293.555284   7.548522 21.583
 76    30.781 54860.60437176 14.53 293.554554   7.545212 21.583
 76    27.035 54860.60437241 23.36 293.553814   7.541912 21.583
 76    27.169 54860.60437305 24.74 293.553084   7.538602 21.583
 77    26.791 54895.60440359 15.08 293.553619   7.556777 11.873
 77    26.627 54895.60440423 14.46 293.552879   7.553467 11.873
 77    26.992 54895.60440488 13.11 293.552149   7.550167 11.873
 77    27.280 54895.60440552 13.75 293.551409   7.546857 11.873
 77    26.728 54895.60440617 20.12 293.550679   7.543557 11.873
 77    27.024 54895.60440681 17.59 293.549943   7.540250 14.459
 77    26.885 54895.60440746 16.38 293.549213   7.536940 14.459
 78    26.238 54930.60436703 14.82 293.554639   7.556573 17.074
 78    26.331 54930.60436768 15.44 293.553909   7.553273 17.074
 78    26.551 54930.60436832 14.22 293.553169   7.549963 17.074
 78    26.544 54930.60436897 14.42 293.552439   7.546653 17.074
 78    26.594 54930.60436961 14.95 293.551699   7.543353 17.074
 78    26.220 54930.60437026 16.77 293.550969   7.540043 17.074
 78    26.328 54930.60437090 20.01 293.550229   7.536743 17.074
 79    27.886 54965.60440292 18.71 293.555393   7.558513 10.606
 79    27.769 54965.60440357 18.72 293.554653   7.555213 10.606
 79    27.806 54965.60440421 18.50 293.553923   7.551903 10.606
 79    27.987 54965.60440486 16.55 293.553183   7.548603 10.606
 79    28.123 54965.60440550 19.14 293.552453   7.545293 10.606
 79    28.275 54965.60440615 19.91 293.551713   7.541993 10.606
 79    28.384 54965.60440679 19.42 293.550983   7.538683 10.606
 80    29.936 55000.60442423 24.72 293.552115   7.555345 16.799
 80    29.971 55000.60442488 24.14 293.551375   7.552045 16.799
 80    29.908 55000.60442552 23.70 293.550645   7.548735 16.799
 80    29.829 55000.60442617 23.67 293.549905   7.545435 16.799
 80    29.966 55000.60442681 24.26 293.549175   7.542125 16.799
 80    30.092 55000.60442746 25.73 293.548436   7.538820 18.361
 81    33.024 55035.60440877 23.18 293.556950   7.557929 15.654
 81    33.335 55035.60440941 23.84 293.556220   7.554629 15.654
 81    33.449 55035.60441006 25.06 293.555480   7.551319 15.654
 81    33.481 55035.60441070 26.44 293.554750   7.548019 15.654
 81    33.566 55035.60441134 28.20 293.554010   7.544712 34.971
 81    33.634 55035.60441199 29.46 293.553280   7.541412 34.971
 81    33.693 55035.60441263 29.74 293.552540   7.538102 34.971
 82    34.430 55070.60439855 40.81 293.554954   7.556564 12.980
 82    34.430 55070.60439919 42.08 293.554224   7.553254 12.980
 82    34.412 55070.60439984 39.95 293.553484   7.549954 12.980
 82    34.379 55070.60440048 39.81 293.552754   7.546644 12.980
 82    34.362 55070.60440113 37.89 293.552014   7.543334 12.980
 82    34.491 55070.60440177 37.97 293.551284   7.540034 12.980
 82    34.541 55070.60440242 39.39 293.550554   7.536724 12.980
 83    31.802 55105.60434149 22.24 293.554902   7.556658 18.163
 83    31.762 55105.60434213 22.57 293.554162   7.553358 18.163
 83    31.717 55105.60434278 23.16 293.553432   7.550048 18.163
 83    31.820 55105.60434342 24.01 293.552692   7.546748 18.163
 83    31.980 55105.60434407 24.82 293.551962   7.543438 18.163
 83    32.125 55105.60434471 26.43 293.551222   7.540138 18.163
 83    32.166 55105.60434536 29.01 293.550492   7.536828 18.163
 84    29.626 55140.60434756 16.16 293.555083   7.558230 14.001
 84    29.513 55140.60434821 17.31 293.554353   7.554920 14.001
 84    29.425 55140.60434885 18.68 293.553613   7.551620 14.001
 84    29.579 55140.60434950 19.89 293.552883   7.548310 14.001
 84    29.588 55140.60435014 18.99 293.552145   7.545003 22.600
 84    29.710 55140.60435079 18.90 293.551415   7.541703 22.600
 84    29.925 55140.60435143 16.77 293.550675   7.538393 22.600
 85    28.462 55175.60430870 14.27 293.557791   7.557464  9.172
 85    27.146 55175.60430935 16.23 293.557061   7.554154  9.172
 85    27.386 55175.60430999 14.97 293.556321   7.550854  9.172
 85    28.724 55175.60431064 13.19 293.555584   7.547547 26.365
 85    27.245 55175.60431128 16.16 293.554854   7.544247 26.365
 85    27.050 55175.60431193 24.82 293.554124   7.540937 26.365
 86    27.165 55210.60434259 12.77 293.555463   7.557696 10.744
 86    29.315 55210.60434323 12.91 293.554733   7.554386 10.744
 86    26.723 55210.60434388 13.75 293.553993   7.551086 10.744
 86    26.981 55210.60434452 13.16 293.553263   7.547776 10.744
 86    27.307 55210.60434517 14.23 293.552523   7.544476 10.744
 86    26.700 55210.60434581 18.09 293.551793   7.541166 10.744
 86    26.706 55210.60434646 18.14 293.551054   7.537860 22.067
 87    23.024 55245.60431489 20.71 293.555584   7.557419 17.770
 87    26.249 55245.60431553 14.86 293.554854   7.554109 17.770
 87    25.922 55245.60431618 14.33 293.554114   7.550809 17.770
 87    29.208 55245.60431682 13.18 293.553384   7.547499 17.770
 87    26.793 55245.60431747 12.43 293.552644   7.544199 17.770
 87    26.545 55245.60431811 12.51 293.551914   7.540889 17.770
 87    26.600 55245.60431875 13.39 293.551174   7.537589 17.770
 88    29.797 55280.60433613 13.22 293.554240   7.556454  9.570
 88    29.827 55280.60433677 13.01 293.553510   7.553144  9.570
 88    26.223 55280.60433742 13.41 293.552770   7.549834  9.570
 88    26.605 55280.60433806 12.21 293.552040   7.546534  9.570
 88    28.662 55280.60433871 12.45 293.551300   7.543224  9.570
 88    25.899 55280.60433935 12.90 293.550570   7.539924  9.570
 88    25.525 55280.60434000 16.81 293.549834   7.536615 17.646
 89    28.875 55315.60430222 21.41 293.554462   7.556044 17.098
 89    28.707 55315.60430286 21.70 293.553732   7.552734 17.098
 89    29.092 55315.60430350 19.43 293.552992   7.549434 17.098
 89    29.238 55315.60430415 18.25 293.552262   7.546124 17.098
 89    29.363 55315.60430479 19.49 293.551522   7.542824 17.098
 89    29.451 55315.60430544 17.26 293.550792   7.539514 17.098
 89    29.488 55315.60430608 16.91 293.550052   7.536214 17.098
 90    31.958 55350.60430760 21.11 293.555535   7.558413 15.539
 90    31.990 55350.60430825 21.95 293.554805   7.555103 15.539
 90    31.749 55350.60430889 22.57 293.554065   7.551793 15.539
 90    31.902 55350.60430954 23.82 293.553335   7.548493 15.539
 90    32.210 55350.60431018 24.50 293.552595   7.545183 15.539
 90    32.336 55350.60431083 25.69 293.551865   7.541883 15.539
 90    32.477 55350.60431147 27.71 293.551129   7.538577 34.353
 91    33.596 55385.60430140 24.14 293.555094   7.558556 21.856
 91    33.914 55385.60430204 24.27 293.554364   7.555246 21.856
 91    34.048 55385.60430269 25.31 293.553624   7.551946 21.856
 91    33.996 55385.60430333 27.13 293.552894   7.548636 21.856
 91    34.071 55385.60430398 28.70 293.552154   7.545336 21.856
 91    34.337 55385.60430462 28.99 293.551424   7.542026 21.856
 91    34.433 55385.60430527 29.29 293.550684   7.538726 21.856
 92    34.926 55420.60432556 27.86 293.556765   7.558513 12.967
 92    35.131 55420.60432621 27.91 293.556025   7.555213 12.967
 92    35.376 55420.60432685 28.80 293.555295   7.551903 12.967
 92    35.467 55420.60432750 29.07 293.554555   7.548593 12.967
 92    35.536 55420.60432814 30.76 293.553825   7.545293 12.967
 92    35.649 55420.60432878 32.52 293.553085   7.541983 12.967
 92    35.637 55420.60432943 33.55 293.552355   7.538683 12.967
 92    35.701 55420.60433007 35.43 293.551616   7.535375 34.702
 93    34.072 55455.60430220 24.24 293.555624   7.558732 12.411
 93    34.153 55455.60430285 24.20 293.554894   7.555422 12.411
 93    34.314 55455.60430349 26.44 293.554154   7.552122 12.411
 93    34.337 55455.60430414 27.78 293.553424   7.548812 12.411
 93    34.482 55455.60430478 28.92 293.552684   7.545512 12.411
 93    34.529 55455.60430543 31.12 293.551954   7.542202 12.411
 93    34.703 55455.60430607 31.22 293.551224   7.538892 12.411
 93    34.783 55455.60430672 37.89 293.550484   7.535592 12.411
 94    31.096 55490.60422061 24.93 293.555906   7.557496 12.981
 94    31.188 55490.60422125 24.42 293.555176   7.554186 12.981
 94    31.387 55490.60422190 23.34 293.554436   7.550886 12.981
 94    32.021 55490.60422254 22.63 293.553706   7.547576 12.981
 94    32.789 55490.60422319 23.48 293.552976   7.544276 12.981
 94    33.394 55490.60422383 22.49 293.552236   7.540966 12.981
 94    33.691 55490.60422448 23.21 293.551506   7.537666 12.981
