#    0.000   0.000   0.000 ;Mean Elev.(m), Avg Gradient(m/km), RMS Gradient(m/km) - SRTM1     
#    0.000   0.000   0.000 ;Mean Elev.(m), Avg Gradient(m/km), RMS Gradient(m/km) - ASTER GDEM
#    8.011  -3.015  22.149 ;Mean Elev.(m), Avg Gradient(m/km), RMS Gradient(m/km) - GMTED2010 
  8     9.891 52499.08570717 26.64 297.867882   8.631015 23.965
  8     8.198 52499.08570911 29.85 297.865672   8.640935 23.965
  8     8.344 52499.08570975 30.83 297.864932   8.644235 23.965
  8     8.242 52499.08571040 31.65 297.864192   8.647545 23.965
  8     8.117 52499.08571104 30.40 297.863462   8.650845 23.965
  8     8.166 52499.08571169 31.51 297.862722   8.654155 23.965
  8     8.161 52499.08571233 31.13 297.861982   8.657455 23.965
  8     8.217 52499.08571298 31.14 297.861242   8.660765 23.965
  8     8.269 52499.08571362 32.39 297.860512   8.664065 23.965
  8     8.194 52499.08571427 35.32 297.859772   8.667375 23.965
  8     8.125 52499.08571491 40.34 297.859032   8.670675 23.965
 10     7.338 52569.08572251 23.87 297.867730   8.628937 27.431
 10     6.739 52569.08572316 24.07 297.866990   8.632247 27.431
 10     6.787 52569.08572380 24.69 297.866250   8.635547 27.431
 10     7.010 52569.08572444 26.25 297.865510   8.638847 27.431
 10     7.361 52569.08572509 26.71 297.864780   8.642157 27.431
 10     6.165 52569.08572573 31.37 297.864040   8.645457 27.431
 10     5.384 52569.08572638 34.77 297.863300   8.648767 27.431
 10     5.338 52569.08572702 33.02 297.862560   8.652067 27.431
 10     5.396 52569.08572767 31.40 297.861820   8.655377 27.431
 10     5.324 52569.08572831 30.29 297.861080   8.658677 27.431
 10     5.369 52569.08572896 31.97 297.860350   8.661987 27.431
 10     5.335 52569.08572960 32.41 297.859610   8.665287 27.431
 10     5.338 52569.08573025 37.96 297.858870   8.668597 27.431
 11     4.631 52604.08570844 20.49 297.865566   8.627233 24.838
 11     4.681 52604.08570909 20.34 297.864826   8.630543 24.838
 11     4.720 52604.08570973 34.57 297.864086   8.633843 24.838
 11     5.254 52604.08571038 34.85 297.863346   8.637153 24.838
 11     4.800 52604.08571102 30.19 297.862616   8.640453 24.838
 11     4.720 52604.08571167 36.17 297.861876   8.643763 24.838
 12     3.566 52639.08568796 16.86 297.864022   8.628430 17.043
 12     3.465 52639.08568860 18.02 297.863292   8.631740 17.043
 13     3.171 52674.08568477 22.83 297.867023   8.628172 21.266
 13     3.121 52674.08568541 22.78 297.866283   8.631482 21.266
 13     2.999 52674.08568606 23.11 297.865553   8.634782 21.266
 13     1.444 52674.08568670 26.44 297.864813   8.638092 21.266
 13     1.462 52674.08568735 28.11 297.864073   8.641392 21.266
 13     1.518 52674.08568799 25.38 297.863333   8.644692 21.266
 13     1.304 52674.08568863 22.82 297.862601   8.648007 17.904
 13     1.618 52674.08568928 21.60 297.861861   8.651307 17.904
 13     1.581 52674.08568992 26.02 297.861121   8.654607 17.904
 13     3.024 52674.08569057 20.60 297.860381   8.657917 17.904
 13     2.744 52674.08569121 31.73 297.859651   8.661217 17.904
 13     2.951 52674.08569186 35.83 297.858911   8.664527 17.904
 14     3.362 52709.08569818 17.08 297.866285   8.626123 15.301
 14     2.464 52709.08569883 17.77 297.865545   8.629423 15.301
 14     1.705 52709.08569947 19.64 297.864805   8.632723 15.301
 14     1.009 52709.08570011 20.83 297.864066   8.636038 20.655
 14     1.264 52709.08570076 22.54 297.863326   8.639338 20.655
 14     1.047 52709.08570140 31.05 297.862596   8.642648 20.655
 14     1.173 52709.08570205 25.41 297.861856   8.645948 20.655
 14     1.023 52709.08570269 22.53 297.861116   8.649248 20.655
 14     1.154 52709.08570334 24.66 297.860376   8.652558 20.655
 14     2.189 52709.08570398 23.43 297.859636   8.655858 20.655
 18     9.101 52849.08580057 43.65 297.865725   8.628349 32.616
 18     8.906 52849.08580122 44.08 297.864985   8.631659 32.616
 18     9.210 52849.08580186 45.22 297.864245   8.634959 32.616
 18     7.661 52849.08580251 48.59 297.863506   8.638272 37.361
 18     7.657 52849.08580315 48.20 297.862766   8.641572 37.361
 18     7.654 52849.08580380 51.03 297.862036   8.644882 37.361
 18     7.603 52849.08580444 51.58 297.861296   8.648182 37.361
 18     7.635 52849.08580508 48.74 297.860556   8.651492 37.361
 18     7.568 52849.08580573 49.36 297.859816   8.654792 37.361
 20     7.988 52919.08579290 27.78 297.867780   8.630867 26.547
 20     8.178 52919.08579355 26.63 297.867040   8.634177 26.547
 20     8.551 52919.08579419 25.64 297.866310   8.637477 26.547
 20     8.414 52919.08579484 29.11 297.865571   8.640791 32.279
 20     8.701 52919.08579548 28.90 297.864831   8.644091 32.279
 20     7.253 52919.08579613 34.01 297.864091   8.647391 32.279
 20     7.281 52919.08579677 36.33 297.863351   8.650701 32.279
 20     7.426 52919.08579742 38.22 297.862621   8.654001 32.279
 20     7.355 52919.08579806 35.39 297.861881   8.657311 32.279
 20     7.203 52919.08579871 32.10 297.861141   8.660611 32.279
 20     7.229 52919.08579935 31.18 297.860401   8.663921 32.279
 20     7.259 52919.08580000 31.97 297.859671   8.667221 32.279
 20     7.245 52919.08580064 33.44 297.858931   8.670531 32.279
 21     6.088 52954.08575678 23.90 297.869574   8.636199 24.342
 21     6.005 52954.08575742 26.43 297.868833   8.639512 27.549
 21     6.119 52954.08575807 25.94 297.868093   8.642812 27.549
 21     6.055 52954.08575871 27.64 297.867363   8.646122 27.549
 21     6.008 52954.08575936 28.67 297.866623   8.649422 27.549
 21     5.973 52954.08576000 29.76 297.865883   8.652722 27.549
 21     5.962 52954.08576065 31.27 297.865143   8.656032 27.549
 21     5.914 52954.08576129 31.00 297.864403   8.659332 27.549
 21     5.789 52954.08576194 29.90 297.863673   8.662642 27.549
 21     5.653 52954.08576258 29.03 297.862933   8.665942 27.549
 21     5.762 52954.08576323 28.37 297.862193   8.669252 27.549
 21     5.877 52954.08576387 29.39 297.861453   8.672552 27.549
 21     5.942 52954.08576452 30.36 297.860713   8.675862 27.549
 22     4.021 52989.08576889 35.68 297.869448   8.659369 14.702
 22     4.006 52989.08576953 35.55 297.868708   8.662669 14.702
 22     3.981 52989.08577017 25.17 297.867968   8.665979 14.702
 22     3.906 52989.08577082 20.34 297.867238   8.669279 14.702
 22     3.957 52989.08577146 18.98 297.866498   8.672589 14.702
 22     3.924 52989.08577211 20.27 297.865758   8.675889 14.702
 22     4.401 52989.08577275 20.51 297.865018   8.679199 14.702
 22     4.634 52989.08577340 22.49 297.864278   8.682499 14.702
 23     2.586 53024.08575170 19.60 297.870503   8.645457 22.160
 23     2.449 53024.08575235 20.48 297.869763   8.648757 22.160
 23     2.563 53024.08575299 19.82 297.869031   8.652062  7.876
 23     2.807 53024.08575364 17.97 297.868291   8.655372  7.876
 23     2.712 53024.08575428 18.57 297.867551   8.658672  7.876
 23     2.873 53024.08575492 16.39 297.866821   8.661982  7.876
 23     3.034 53024.08575557 17.00 297.866081   8.665282  7.876
 23     3.161 53024.08575621 15.67 297.865341   8.668592  7.876
 23     3.608 53024.08575686 15.48 297.864601   8.671892  7.876
 23     3.799 53024.08575750 15.86 297.863871   8.675202  7.876
 23     4.116 53024.08575815 17.12 297.863131   8.678502  7.876
 23     4.329 53024.08575879 20.89 297.862391   8.681812  7.876
 24     3.615 53059.08574975 16.89 297.869716   8.652933  4.915
 24     1.284 53059.08575039 16.02 297.868986   8.656233  4.915
 24     1.393 53059.08575104 15.97 297.868246   8.659533  4.915
 24     4.097 53059.08575168 15.79 297.867506   8.662843  4.915
 24     2.184 53059.08575232 16.21 297.866766   8.666143  4.915
 24     2.299 53059.08575297 15.16 297.866036   8.669453  4.915
 24     2.126 53059.08575361 13.83 297.865296   8.672753  4.915
 24     2.127 53059.08575426 14.23 297.864556   8.676063  4.915
 24     1.180 53059.08575490 17.42 297.863816   8.679363  4.915
 24     3.551 53059.08575555 16.55 297.863076   8.682673  4.915
 26     5.104 53129.08575602 10.56 297.869877   8.635750 12.263
 26     6.096 53129.08575666  9.91 297.869137   8.639060 12.263
 26     5.653 53129.08575731  9.26 297.868397   8.642360 12.263
 26     3.919 53129.08575795  9.69 297.867658   8.645673  8.581
 26     2.442 53129.08575859  9.97 297.866918   8.648973  8.581
 26     2.432 53129.08575924 10.77 297.866188   8.652273  8.581
 26     2.178 53129.08575988 12.85 297.865448   8.655583  8.581
 26     2.207 53129.08576053 13.00 297.864708   8.658883  8.581
 26     1.997 53129.08576117 15.20 297.863968   8.662193  8.581
 26     2.035 53129.08576182 17.60 297.863228   8.665493  8.581
 26     2.063 53129.08576246 20.96 297.862498   8.668803  8.581
 26     2.194 53129.08576311 15.99 297.861758   8.672103  8.581
 26     2.307 53129.08576375 18.69 297.861018   8.675413  8.581
 28     8.310 53199.08582332 25.86 297.867301   8.627186 26.609
 28     8.194 53199.08582396 26.27 297.866561   8.630496 26.609
 28     8.212 53199.08582461 26.22 297.865821   8.633796 26.609
 28     8.636 53199.08582525 26.66 297.865086   8.637111 33.275
 28     8.150 53199.08582589 26.78 297.864346   8.640411 33.275
 28     8.532 53199.08582654 27.36 297.863606   8.643711 33.275
 28     9.017 53199.08582718 28.78 297.862876   8.647021 33.275
 28     7.230 53199.08582783 35.29 297.862136   8.650321 33.275
 28     7.537 53199.08582847 33.33 297.861396   8.653631 33.275
 28     7.294 53199.08582912 33.41 297.860656   8.656931 33.275
 28     7.291 53199.08582976 35.50 297.859916   8.660241 33.275
 28     7.358 53199.08583041 36.16 297.859186   8.663541 33.275
 29     8.212 53234.08579862 42.40 297.870019   8.655433 33.790
 29     8.312 53234.08579927 45.48 297.869289   8.658743 33.790
 29     8.163 53234.08579991 44.83 297.868549   8.662043 33.790
 29     8.037 53234.08580056 45.59 297.867809   8.665353 33.790
 29     8.019 53234.08580120 43.78 297.867069   8.668653 33.790
 29     7.973 53234.08580184 40.60 297.866329   8.671963 33.790
 29     7.932 53234.08580249 38.61 297.865599   8.675263 33.790
 29     8.035 53234.08580313 37.19 297.864859   8.678573 33.790
 29     8.024 53234.08580378 36.84 297.864119   8.681873 33.790
 30     9.703 53269.08576098 29.56 297.867260   8.629967 29.947
 30     7.930 53269.08576163 31.37 297.866530   8.633277 29.947
 30     7.914 53269.08576227 32.67 297.865790   8.636577 29.947
 30     7.935 53269.08576292 32.26 297.865050   8.639887 29.947
 30     7.972 53269.08576356 32.45 297.864310   8.643187 29.947
 30     7.949 53269.08576421 33.37 297.863580   8.646497 29.947
 30     7.965 53269.08576485 34.63 297.862835   8.649793 36.476
 30     8.033 53269.08576549 36.15 297.862105   8.653103 36.476
 30     8.013 53269.08576614 37.23 297.861365   8.656403 36.476
 30     7.896 53269.08576678 39.72 297.860625   8.659713 36.476
 30     7.912 53269.08576743 43.28 297.859885   8.663013 36.476
 30     7.918 53269.08576807 42.49 297.859155   8.666323 36.476
 32     5.127 53339.08578981 20.21 297.866897   8.627221 19.810
 32     4.981 53339.08579045 19.95 297.866167   8.630521 19.810
 32     5.351 53339.08579110 24.50 297.865427   8.633821 19.810
 32     5.514 53339.08579174 27.48 297.864687   8.637131 19.810
 32     5.361 53339.08579239 24.29 297.863947   8.640431 19.810
 32     5.440 53339.08579303 26.45 297.863215   8.643746 31.606
 32     4.427 53339.08579368 35.47 297.862475   8.647046 31.606
 32     4.415 53339.08579432 38.32 297.861735   8.650346 31.606
 32     4.438 53339.08579497 38.95 297.861005   8.653656 31.606
 32     4.417 53339.08579561 36.84 297.860265   8.656956 31.606
 32     4.489 53339.08579626 35.54 297.859525   8.660266 31.606
 33     4.602 53374.08572336 16.24 297.869226   8.634980 19.309
 33     4.477 53374.08572400 16.40 297.868486   8.638290 19.309
 33     4.482 53374.08572465 19.17 297.867746   8.641590 19.309
 33     4.090 53374.08572529 19.62 297.867016   8.644900 19.309
 33     4.473 53374.08572594 15.89 297.866269   8.648206  9.807
 33     4.863 53374.08572658 15.74 297.865539   8.651506  9.807
 33     3.274 53374.08572723 21.81 297.864799   8.654806  9.807
 33     3.528 53374.08572787 21.45 297.864059   8.658116  9.807
 33     4.032 53374.08572851 17.89 297.863319   8.661416  9.807
 33     3.877 53374.08572916 21.45 297.862589   8.664726  9.807
 33     3.914 53374.08572980 21.11 297.861849   8.668026  9.807
 33     4.205 53374.08573045 18.10 297.861109   8.671336  9.807
 33     3.949 53374.08573109 21.02 297.860379   8.674636  9.807
 35     2.712 53444.08574796 18.56 297.867686   8.631660 19.369
 35     2.734 53444.08574860 21.23 297.866946   8.634970 19.369
 35     3.109 53444.08574925 20.80 297.866206   8.638270 19.369
 35     2.775 53444.08574989 21.63 297.865476   8.641580 19.369
 35     2.725 53444.08575054 22.32 297.864730   8.644875 12.422
 35     1.414 53444.08575183 20.80 297.863260   8.651485 12.422
 35     1.942 53444.08575247 20.95 297.862520   8.654795 12.422
 35     2.052 53444.08575312 20.97 297.861780   8.658095 12.422
 35     2.522 53444.08575376 19.63 297.861050   8.661405 12.422
 35     2.725 53444.08575440 25.49 297.860310   8.664705 12.422
 35     2.590 53444.08575505 31.75 297.859570   8.668015 12.422
 35     2.900 53444.08575569 22.96 297.858840   8.671315 12.422
 37     4.750 53514.08583364 15.21 297.866360   8.629167 13.668
 37     3.932 53514.08583429 14.33 297.865630   8.632467 13.668
 37     4.745 53514.08583493 15.34 297.864890   8.635777 13.668
 37     5.428 53514.08583558 15.30 297.864150   8.639077 13.668
 37     6.481 53514.08583622 24.33 297.863416   8.642391 29.361
 37     4.729 53514.08583687 35.18 297.862676   8.645691 29.361
 37     4.847 53514.08583751 37.86 297.861936   8.649001 29.361
 37     4.782 53514.08583815 35.69 297.861206   8.652301 29.361
 37     4.705 53514.08583880 38.33 297.860466   8.655601 29.361
 37     4.797 53514.08583944 35.76 297.859726   8.658911 29.361
 37     4.577 53514.08584009 31.47 297.858986   8.662211 29.361
 39     7.322 53584.08581639 24.98 297.867762   8.632046 26.384
 39     7.915 53584.08581704 25.34 297.867032   8.635346 26.384
 39     7.829 53584.08581768 26.87 297.866292   8.638656 26.384
 39     7.724 53584.08581833 25.72 297.865552   8.641956 26.384
 39     8.048 53584.08581897 25.52 297.864812   8.645256 26.384
 39     8.621 53584.08581962 26.43 297.864080   8.648561 28.100
 39     6.840 53584.08582026 29.65 297.863340   8.651871 28.100
 39     6.845 53584.08582091 30.09 297.862600   8.655171 28.100
 39     6.953 53584.08582155 31.40 297.861860   8.658481 28.100
 39     6.853 53584.08582220 30.63 297.861130   8.661781 28.100
 39     6.912 53584.08582284 29.80 297.860390   8.665091 28.100
 39     6.929 53584.08582348 31.24 297.859650   8.668391 28.100
 39     6.942 53584.08582413 32.51 297.858910   8.671701 28.100
 40     8.912 53619.08577176 26.22 297.865811   8.625329 28.430
 40     7.359 53619.08577241 27.77 297.865081   8.628639 28.430
 40     7.433 53619.08577305 34.13 297.864341   8.631939 28.430
 40     7.604 53619.08577370 39.10 297.863601   8.635249 28.430
 40     7.494 53619.08577434 45.79 297.862861   8.638549 28.430
 41     7.550 53654.08579655 36.95 297.866172   8.627159 30.093
 41     7.134 53654.08579719 39.08 297.865432   8.630459 30.093
 41     7.598 53654.08579783 38.96 297.864692   8.633759 30.093
 41     7.778 53654.08579848 44.88 297.863955   8.637073 35.642
 41     5.864 53654.08579912 46.80 297.863215   8.640373 35.642
 41     5.838 53654.08579977 48.35 297.862475   8.643683 35.642
 41     5.713 53654.08580041 45.46 297.861745   8.646983 35.642
 41     5.846 53654.08580106 44.87 297.861005   8.650293 35.642
 41     5.706 53654.08580170 44.27 297.860265   8.653593 35.642
 41     5.803 53654.08580235 45.05 297.859525   8.656893 35.642
 42     4.483 53689.08579344 21.36 297.864110   8.628608 24.231
 42     4.737 53689.08579408 24.03 297.863380   8.631908 24.231
 43     5.054 53724.08571891 28.57 297.869512   8.633567 26.629
 43     5.108 53724.08571955 28.17 297.868772   8.636877 26.629
 43     5.721 53724.08572020 34.73 297.868032   8.640177 26.629
 43     3.598 53724.08572084 48.70 297.867302   8.643487 26.629
 43     3.712 53724.08572149 51.87 297.866555   8.646783 23.641
 43     3.569 53724.08572213 51.55 297.865825   8.650093 23.641
 43     3.646 53724.08572277 49.72 297.865085   8.653393 23.641
 43     3.742 53724.08572342 50.52 297.864345   8.656703 23.641
 43     3.688 53724.08572406 43.83 297.863615   8.660003 23.641
 43     3.561 53724.08572471 39.00 297.862875   8.663313 23.641
 43     3.607 53724.08572535 39.99 297.862135   8.666613 23.641
 43     3.571 53724.08572600 37.29 297.861395   8.669923 23.641
 43     3.259 53724.08572664 33.74 297.860665   8.673223 23.641
 43     2.885 53724.08572729 35.10 297.859925   8.676533 23.641
 44     2.451 53759.08566167 41.84 297.870121   8.644857 14.748
 44     2.268 53759.08566231 34.94 297.869381   8.648157 14.748
 44     2.113 53759.08566296 33.61 297.868641   8.651467 14.748
 44     2.063 53759.08566360 30.86 297.867901   8.654767 14.748
 44     1.894 53759.08566425 27.89 297.867161   8.658067 14.748
 44     1.697 53759.08566489 27.28 297.866431   8.661377 14.748
 44     1.263 53759.08566553 25.21 297.865691   8.664677 14.748
 44     1.321 53759.08566618 23.56 297.864951   8.667987 14.748
 44     0.820 53759.08566682 23.12 297.864211   8.671287 14.748
 44     3.883 53759.08566747 19.98 297.863471   8.674597 14.748
 44     4.154 53759.08566811 20.45 297.862731   8.677897 14.748
 44     4.072 53759.08566876 25.53 297.862001   8.681207 14.748
 45     2.534 53794.08568016 48.93 297.869558   8.636421 22.647
 45     2.371 53794.08568080 42.01 297.868818   8.639721 22.647
 45     2.346 53794.08568145 33.94 297.868087   8.643026 13.366
 45     2.302 53794.08568209 34.08 297.867347   8.646336 13.366
 45     2.170 53794.08568274 34.51 297.866607   8.649636 13.366
 45     2.155 53794.08568338 30.45 297.865867   8.652946 13.366
 45     1.940 53794.08568403 30.79 297.865137   8.656246 13.366
 45     1.798 53794.08568467 27.80 297.864397   8.659556 13.366
 45     1.784 53794.08568532 24.54 297.863657   8.662856 13.366
 45     1.296 53794.08568596 24.26 297.862917   8.666166 13.366
 45     0.918 53794.08568661 24.87 297.862187   8.669466 13.366
 45     3.054 53794.08568725 22.61 297.861447   8.672776 13.366
 45     3.921 53794.08568789 21.22 297.860707   8.676076 13.366
 46     2.889 53829.08565347 23.72 297.868962   8.632772 17.486
 46     1.659 53829.08565412 27.15 297.868222   8.636072 17.486
 46     1.776 53829.08565476 28.71 297.867492   8.639382 17.486
 46     1.601 53829.08565541 29.57 297.866752   8.642682 17.486
 46     1.602 53829.08565605 28.77 297.866012   8.645992 17.486
 46     1.506 53829.08565670 29.48 297.865272   8.649292 17.486
 46     1.427 53829.08565734 27.27 297.864532   8.652592 17.486
 46     1.342 53829.08565799 25.43 297.863802   8.655902 17.486
 46     1.285 53829.08565863 25.07 297.863062   8.659202 17.486
 46     1.099 53829.08565928 21.99 297.862322   8.662512 17.486
 46     3.561 53829.08565992 19.99 297.861582   8.665812 17.486
 46     2.523 53829.08566057 22.71 297.860842   8.669122 17.486
 46     3.072 53829.08566121 18.21 297.860102   8.672422 17.486
 48     5.301 53899.08575866 18.09 297.866425   8.629493 14.698
 48     4.800 53899.08575930 19.93 297.865685   8.632793 14.698
 48     4.611 53899.08575995 25.99 297.864950   8.636106 36.402
 48     5.091 53899.08576059 31.40 297.864210   8.639406 36.402
 48     5.366 53899.08576124 38.10 297.863470   8.642716 36.402
 48     5.335 53899.08576188 31.38 297.862740   8.646016 36.402
 48     5.114 53899.08576253 37.38 297.862000   8.649316 36.402
 48     5.264 53899.08576317 41.65 297.861260   8.652626 36.402
 48     5.139 53899.08576381 42.04 297.860520   8.655926 36.402
 48     5.156 53899.08576446 36.55 297.859790   8.659236 36.402
 48     5.133 53899.08576510 32.57 297.859050   8.662536 36.402
 51     7.269 54004.08574689 28.00 297.867818   8.631946 25.812
 51     7.399 54004.08574754 26.85 297.867078   8.635256 25.812
 51     7.269 54004.08574818 28.61 297.866338   8.638556 25.812
 51     7.242 54004.08574883 27.97 297.865598   8.641866 25.812
 51     7.395 54004.08574947 29.36 297.864868   8.645166 25.812
 51     7.536 54004.08575012 28.54 297.864128   8.648466 25.812
 51     7.325 54004.08575076 28.68 297.863385   8.651779 29.725
 51     7.361 54004.08575141 29.85 297.862645   8.655079 29.725
 51     7.426 54004.08575205 29.94 297.861915   8.658389 29.725
 51     7.427 54004.08575270 29.96 297.861175   8.661689 29.725
 51     7.420 54004.08575334 30.36 297.860435   8.664999 29.725
 51     7.424 54004.08575399 32.16 297.859695   8.668299 29.725
 51     7.446 54004.08575463 33.35 297.858955   8.671599 29.725
 52     7.001 54039.08578000 24.66 297.869252   8.631124 26.152
 52     6.442 54039.08578064 23.00 297.868512   8.634434 26.152
 52     6.879 54039.08578129 22.51 297.867772   8.637734 26.152
 52     7.054 54039.08578193 24.77 297.867032   8.641044 26.152
 52     6.872 54039.08578258 23.51 297.866292   8.644344 26.152
 52     6.541 54039.08578322 21.96 297.865562   8.647644 26.152
 52     5.336 54039.08578387 24.58 297.864822   8.650954 26.152
 52     5.254 54039.08578451 27.49 297.864082   8.654254 26.152
 52     5.234 54039.08578516 28.38 297.863344   8.657569 30.525
 52     5.210 54039.08578580 25.03 297.862604   8.660869 30.525
 52     5.166 54039.08578645 26.54 297.861874   8.664179 30.525
 52     5.300 54039.08578709 27.75 297.861134   8.667479 30.525
 52     5.356 54039.08578774 28.13 297.860394   8.670779 30.525
 52     5.267 54039.08578838 29.24 297.859654   8.674089 30.525
 53     5.519 54074.08577425 20.21 297.867801   8.631764 23.283
 53     6.023 54074.08577489 19.27 297.867061   8.635074 23.283
 53     4.910 54074.08577554 23.19 297.866321   8.638374 23.283
 53     4.704 54074.08577618 26.71 297.865581   8.641684 23.283
 53     4.679 54074.08577683 32.28 297.864841   8.644984 23.283
 53     4.716 54074.08577747 30.84 297.864111   8.648294 23.283
 53     4.552 54074.08577812 31.06 297.863371   8.651594 23.283
 53     4.612 54074.08577876 30.40 297.862631   8.654904 23.283
 53     4.681 54074.08577941 28.63 297.861897   8.658208 27.659
 53     4.786 54074.08578005 28.74 297.861157   8.661508 27.659
 53     4.742 54074.08578069 26.32 297.860417   8.664808 27.659
 53     4.702 54074.08578134 30.02 297.859687   8.668118 27.659
 53     4.643 54074.08578198 29.20 297.858947   8.671418 27.659
 54     4.672 54109.08571976 16.99 297.867110   8.628938 19.154
 54     4.218 54109.08572041 18.33 297.866370   8.632248 19.154
 54     4.032 54109.08572105 18.63 297.865640   8.635548 19.154
 54     4.458 54109.08572170 19.14 297.864900   8.638858 19.154
 54     5.133 54109.08572234 19.24 297.864160   8.642158 19.154
 54     3.702 54109.08572299 23.16 297.863430   8.645468 19.154
 54     3.611 54109.08572363 23.95 297.862690   8.648768 19.154
 54     3.965 54109.08572428 22.29 297.861950   8.652078 19.154
 54     3.210 54109.08572492 31.36 297.861210   8.655378 19.154
 54     3.135 54109.08572557 33.26 297.860480   8.658678 19.154
 54     4.041 54109.08572621 31.43 297.859733   8.661993 19.056
 54     4.120 54109.08572685 32.51 297.859003   8.665293 19.056
 55     3.296 54144.08571105 24.54 297.866840   8.626248 19.901
 55     1.447 54144.08571170 27.93 297.866100   8.629558 19.901
 55     1.479 54144.08571234 27.86 297.865360   8.632858 19.901
 55     1.309 54144.08571299 29.76 297.864620   8.636168 19.901
 55     1.416 54144.08571363 30.37 297.863880   8.639468 19.901
 55     1.473 54144.08571427 30.57 297.863150   8.642778 19.901
 55     1.374 54144.08571492 27.94 297.862410   8.646078 19.901
 55     1.557 54144.08571556 27.84 297.861670   8.649378 19.901
 55     1.619 54144.08571621 28.83 297.860932   8.652693 19.422
 55     2.937 54144.08571685 26.95 297.860192   8.655993 19.422
 55     3.146 54144.08571750 28.60 297.859452   8.659303 19.422
 56     3.759 54179.08570441 16.42 297.866715   8.630312 18.291
 56     3.242 54179.08570505 15.61 297.865975   8.633612 18.291
 56     3.147 54179.08570570 15.89 297.865235   8.636922 18.291
 56     3.419 54179.08570634 18.53 297.864495   8.640222 18.291
 56     1.790 54179.08570763 21.34 297.863027   8.646836 21.186
 56     1.735 54179.08570827 26.84 297.862287   8.650146 21.186
 56     1.778 54179.08570892 28.52 297.861547   8.653446 21.186
 56     2.058 54179.08570956 27.49 297.860817   8.656746 21.186
 56     2.358 54179.08571021 22.66 297.860077   8.660056 21.186
 56     2.318 54179.08571085 32.95 297.859337   8.663356 21.186
 57     2.644 54214.08571874 17.26 297.865728   8.627822 13.948
 57     2.232 54214.08571939 19.29 297.864988   8.631132 13.948
 57     2.138 54214.08572003 20.28 297.864248   8.634432 13.948
 57     2.141 54214.08572068 21.94 297.863512   8.637744 18.169
 57     2.016 54214.08572132 23.19 297.862772   8.641044 18.169
 57     1.919 54214.08572197 23.57 297.862032   8.644354 18.169
 57     1.996 54214.08572261 24.36 297.861302   8.647654 18.169
 57     1.727 54214.08572326 25.89 297.860562   8.650954 18.169
 57     2.015 54214.08572390 23.93 297.859822   8.654264 18.169
 58     3.575 54249.08574735 18.58 297.865960   8.628573 17.868
 58     2.728 54249.08574800 20.72 297.865220   8.631873 17.868
 58     3.238 54249.08574864 22.49 297.864485   8.635187 22.872
 58     3.499 54249.08574929 22.28 297.863745   8.638487 22.872
 58     3.619 54249.08574993 24.66 297.863005   8.641787 22.872
 58     3.623 54249.08575058 27.53 297.862275   8.645097 22.872
 58     3.699 54249.08575122 29.36 297.861535   8.648397 22.872
 58     3.643 54249.08575187 31.03 297.860795   8.651707 22.872
 58     3.724 54249.08575251 41.55 297.860055   8.655007 22.872
 58     3.692 54249.08575316 44.21 297.859315   8.658317 22.872
 59     6.581 54284.08575528 22.54 297.867869   8.628955 23.089
 59     5.348 54284.08575593 23.12 297.867129   8.632255 23.089
 59     5.677 54284.08575657 24.42 297.866389   8.635565 23.089
 59     6.229 54284.08575722 31.00 297.865655   8.638861 27.368
 59     6.475 54284.08575786 29.55 297.864915   8.642171 27.368
 59     6.192 54284.08575850 25.65 297.864175   8.645471 27.368
 59     6.392 54284.08575915 28.90 297.863445   8.648781 27.368
 59     6.251 54284.08575979 30.34 297.862705   8.652081 27.368
 59     6.192 54284.08576044 32.26 297.861965   8.655391 27.368
 59     6.136 54284.08576108 32.70 297.861225   8.658691 27.368
 59     6.183 54284.08576173 30.23 297.860495   8.662001 27.368
 59     6.237 54284.08576237 31.93 297.859755   8.665301 27.368
 59     6.289 54284.08576302 33.57 297.859015   8.668611 27.368
 60     9.770 54319.08575308 39.36 297.868069   8.631995 32.187
 60     9.532 54319.08575372 39.29 297.867329   8.635305 32.187
 60     8.108 54319.08575437 43.47 297.866589   8.638605 32.187
 60     7.984 54319.08575501 47.75 297.865856   8.641919 32.020
 60     8.165 54319.08575566 49.92 297.865116   8.645219 32.020
 60     8.016 54319.08575630 49.63 297.864376   8.648529 32.020
 60     8.070 54319.08575695 49.01 297.863646   8.651829 32.020
 60     7.884 54319.08575759 49.36 297.862906   8.655129 32.020
 60     7.883 54319.08575824 48.02 297.862166   8.658439 32.020
 60     7.895 54319.08575888 47.30 297.861426   8.661739 32.020
 60     7.890 54319.08575953 47.30 297.860686   8.665049 32.020
 60     7.876 54319.08576017 47.35 297.859956   8.668349 32.020
 60     7.848 54319.08576082 48.23 297.859216   8.671659 32.020
 61     8.245 54354.08571693 29.29 297.867865   8.632435 23.318
 61     8.189 54354.08571757 29.09 297.867125   8.635735 23.318
 61     8.260 54354.08571822 29.61 297.866395   8.639035 23.318
 61     8.244 54354.08571886 30.63 297.865656   8.642340 27.648
 61     8.364 54354.08571951 31.22 297.864916   8.645650 27.648
 61     8.344 54354.08572015 31.80 297.864176   8.648950 27.648
 61     8.207 54354.08572080 30.65 297.863436   8.652260 27.648
 61     8.203 54354.08572144 31.39 297.862706   8.655560 27.648
 61     8.121 54354.08572209 31.58 297.861966   8.658870 27.648
 61     8.254 54354.08572273 31.24 297.861226   8.662170 27.648
 61     8.318 54354.08572337 33.15 297.860486   8.665480 27.648
 61     8.308 54354.08572402 36.03 297.859756   8.668780 27.648
 61     8.387 54354.08572466 38.99 297.859016   8.672090 27.648
 62     8.246 54389.08569286 25.21 297.867756   8.630149 26.512
 62     8.286 54389.08569350 25.75 297.867016   8.633449 26.512
 62     8.204 54389.08569415 26.48 297.866286   8.636759 26.512
 62     8.004 54389.08569479 27.95 297.865546   8.640059 26.512
 62     8.354 54389.08569544 27.08 297.864806   8.643359 26.512
 62     7.132 54389.08569608 28.79 297.864071   8.646674 27.572
 62     7.061 54389.08569673 31.05 297.863331   8.649974 27.572
 62     7.088 54389.08569737 29.41 297.862591   8.653284 27.572
 62     6.938 54389.08569802 30.35 297.861861   8.656584 27.572
 62     7.012 54389.08569866 30.54 297.861121   8.659884 27.572
 62     7.049 54389.08569931 31.34 297.860381   8.663194 27.572
 62     7.083 54389.08569995 32.58 297.859641   8.666494 27.572
 62     7.126 54389.08570060 33.40 297.858911   8.669804 27.572
 63     6.520 54424.08566630 21.87 297.867127   8.631004 23.326
 63    12.074 54424.08566695 19.85 297.866387   8.634314 23.326
 63    13.801 54424.08566759 21.58 297.865657   8.637614 23.326
 63    11.407 54424.08566824 23.07 297.864917   8.640924 23.326
 63    12.377 54424.08566888 21.67 297.864177   8.644224 23.326
 63    13.371 54424.08566953 23.00 297.863437   8.647534 23.326
 63    10.795 54424.08567017 23.84 297.862706   8.650839 29.485
 63    12.695 54424.08567082 23.62 297.861966   8.654139 29.485
 63    12.793 54424.08567146 23.40 297.861226   8.657439 29.485
 63    10.755 54424.08567211 24.43 297.860496   8.660749 29.485
 63    12.010 54424.08567275 23.07 297.859756   8.664049 29.485
 63    12.526 54424.08567340 23.67 297.859016   8.667359 29.485
 64     3.277 54459.08566774 50.13 297.867595   8.628671 29.627
 64     3.194 54459.08566838 46.91 297.866855   8.631971 29.627
 64     3.149 54459.08566903 40.94 297.866115   8.635271 29.627
 64     3.052 54459.08566967 43.75 297.865385   8.638581 29.627
 64     3.154 54459.08567032 41.26 297.864645   8.641881 29.627
 64     3.043 54459.08567096 38.70 297.863906   8.645195 19.066
 64     3.014 54459.08567161 35.52 297.863166   8.648495 19.066
 64     2.902 54459.08567225 35.83 297.862426   8.651805 19.066
 64     3.099 54459.08567289 37.02 297.861696   8.655105 19.066
 64     3.110 54459.08567354 39.11 297.860956   8.658415 19.066
 64     3.055 54459.08567418 43.19 297.860216   8.661715 19.066
 64     3.049 54459.08567483 42.16 297.859476   8.665015 19.066
 64     4.287 54459.08567547 40.25 297.858746   8.668325 19.066
 65     3.483 54494.08567047 37.69 297.868475   8.629564 25.088
 65     3.660 54494.08567111 31.91 297.867735   8.632874 25.088
 65     3.390 54494.08567176 30.98 297.866995   8.636174 25.088
 65     3.674 54494.08567240 32.52 297.866255   8.639474 25.088
 65     3.834 54494.08567304 31.09 297.865524   8.642789 14.699
 65     1.812 54494.08567369 33.99 297.864784   8.646089 14.699
 65     1.900 54494.08567433 33.85 297.864044   8.649399 14.699
 65     2.038 54494.08567498 31.62 297.863304   8.652699 14.699
 65     1.911 54494.08567562 30.05 297.862574   8.655999 14.699
 65     1.639 54494.08567627 28.51 297.861834   8.659309 14.699
 65     3.448 54494.08567691 26.90 297.861094   8.662609 14.699
 65     3.636 54494.08567756 27.91 297.860354   8.665919 14.699
 65     3.707 54494.08567820 25.67 297.859624   8.669219 14.699
 65     3.833 54494.08567885 22.25 297.858884   8.672529 14.699
 66     5.523 54529.08568063 13.47 297.868642   8.629932 21.367
 66     3.897 54529.08568127 15.28 297.867906   8.633245 15.300
 66     3.678 54529.08568191 15.64 297.867166   8.636545 15.300
 66     4.904 54529.08568256 14.08 297.866426   8.639855 15.300
 66     1.721 54529.08568320 21.32 297.865696   8.643155 15.300
 66     2.011 54529.08568385 24.14 297.864956   8.646465 15.300
 66     1.989 54529.08568449 26.51 297.864216   8.649765 15.300
 66     2.176 54529.08568514 25.07 297.863476   8.653065 15.300
 66     2.388 54529.08568578 24.29 297.862736   8.656375 15.300
 66     2.700 54529.08568643 20.42 297.862006   8.659675 15.300
 66     2.897 54529.08568707 23.95 297.861266   8.662985 15.300
 66     2.933 54529.08568772 25.71 297.860526   8.666285 15.300
 66     2.941 54529.08568836 25.54 297.859786   8.669595 15.300
 66     3.481 54529.08568901 19.24 297.859046   8.672895 15.300
 67     2.995 54564.08567783 21.85 297.867334   8.630448 20.059
 67     3.170 54564.08567848 20.79 297.866604   8.633758 20.059
 67     3.125 54564.08567912 20.77 297.865866   8.637063 18.292
 67     1.612 54564.08567977 25.41 297.865126   8.640363 18.292
 67     1.636 54564.08568041 26.46 297.864386   8.643663 18.292
 67     1.780 54564.08568106 27.44 297.863646   8.646973 18.292
 67     1.841 54564.08568170 27.23 297.862916   8.650273 18.292
 67     2.097 54564.08568234 23.93 297.862176   8.653583 18.292
 67     2.384 54564.08568299 23.67 297.861436   8.656883 18.292
 67     3.769 54564.08568363 21.09 297.860696   8.660193 18.292
 67     2.541 54564.08568428 29.48 297.859966   8.663493 18.292
 67     2.548 54564.08568492 30.04 297.859226   8.666803 18.292
 67     2.736 54564.08568557 33.88 297.858486   8.670103 18.292
 68     3.599 54599.08567664 15.00 297.866722   8.628882 16.099
 68     3.444 54599.08567729 16.29 297.865988   8.632197 20.591
 68     2.102 54599.08567793 18.96 297.865248   8.635497 20.591
 68     2.086 54599.08567858 19.95 297.864508   8.638807 20.591
 68     2.223 54599.08567922 21.66 297.863778   8.642107 20.591
 68     2.115 54599.08567987 21.14 297.863038   8.645407 20.591
 68     2.260 54599.08568051 23.06 297.862298   8.648717 20.591
 68     2.416 54599.08568116 27.69 297.861558   8.652017 20.591
 68     2.341 54599.08568180 27.99 297.860828   8.655327 20.591
 68     2.175 54599.08568245 25.99 297.860088   8.658627 20.591
 68     2.208 54599.08568309 28.35 297.859348   8.661937 20.591
 69     4.402 54634.08568880 16.27 297.865998   8.627442 20.042
 69     6.788 54634.08568944 15.46 297.865258   8.630742 20.042
 69     7.658 54634.08569009 14.99 297.864524   8.634047 31.782
 69     8.198 54634.08569073 14.98 297.863784   8.637357 31.782
 69     9.422 54634.08569138 15.44 297.863044   8.640657 31.782
 69    11.060 54634.08569202 21.00 297.862314   8.643967 31.782
 69    12.572 54634.08569267 29.45 297.861574   8.647267 31.782
 69    13.764 54634.08569331 37.25 297.860834   8.650577 31.782
 69    12.264 54634.08569395 41.68 297.860094   8.653877 31.782
 69    10.899 54634.08569460 37.85 297.859354   8.657187 31.782
 70     6.641 54669.08569366 24.17 297.866274   8.627778 24.698
 70     6.893 54669.08569431 26.28 297.865534   8.631078 24.698
 70     6.954 54669.08569495 32.80 297.864802   8.634392 46.053
 70     7.131 54669.08569560 37.24 297.864062   8.637692 46.053
 70     7.156 54669.08569624 38.96 297.863322   8.640992 46.053
 70     7.166 54669.08569689 44.69 297.862592   8.644302 46.053
 70     7.169 54669.08569753 45.86 297.861852   8.647602 46.053
 70     7.161 54669.08569817 46.31 297.861112   8.650912 46.053
 70     7.051 54669.08569882 45.91 297.860372   8.654212 46.053
 70     7.148 54669.08569946 37.50 297.859632   8.657522 46.053
 71     9.592 54704.08565863 27.01 297.868370   8.632051 26.889
 71     7.958 54704.08565927 28.05 297.867630   8.635351 26.889
 71     8.010 54704.08565992 28.02 297.866900   8.638656 30.173
 71     7.958 54704.08566056 32.07 297.866160   8.641966 30.173
 71     7.967 54704.08566121 30.97 297.865420   8.645266 30.173
 71     8.002 54704.08566185 32.10 297.864680   8.648576 30.173
 71     7.872 54704.08566250 32.85 297.863950   8.651876 30.173
 71     7.820 54704.08566314 34.01 297.863210   8.655186 30.173
 71     7.958 54704.08566379 38.52 297.862470   8.658486 30.173
 71     8.083 54704.08566443 40.69 297.861730   8.661796 30.173
 71     7.984 54704.08566508 44.07 297.861000   8.665096 30.173
 71     7.944 54704.08566572 46.42 297.860260   8.668406 30.173
 71     7.995 54704.08566637 43.93 297.859520   8.671706 30.173
 72     8.605 54739.08565622 24.88 297.866982   8.628618 23.626
 72     8.530 54739.08565687 26.11 297.866244   8.631914 38.979
 72     8.394 54739.08565751 27.83 297.865504   8.635224 38.979
 72     8.574 54739.08565816 30.74 297.864764   8.638524 38.979
 72     8.735 54739.08565880 29.69 297.864034   8.641834 38.979
 72     7.348 54739.08565945 36.18 297.863294   8.645134 38.979
 72     7.437 54739.08566009 36.90 297.862554   8.648444 38.979
 72     7.458 54739.08566074 36.95 297.861814   8.651744 38.979
 72     7.391 54739.08566138 33.86 297.861074   8.655054 38.979
 72     7.283 54739.08566203 31.75 297.860344   8.658354 38.979
 72     7.188 54739.08566267 32.58 297.859604   8.661664 38.979
 72     7.283 54739.08566332 36.36 297.858864   8.664964 38.979
 73     5.388 54774.08563917 24.08 297.868278   8.632049 23.369
 73     5.765 54774.08563982 24.57 297.867538   8.635349 23.369
 73     5.684 54774.08564046 24.75 297.866807   8.638654 22.429
 73     5.651 54774.08564111 26.52 297.866067   8.641964 22.429
 73     5.059 54774.08564175 29.34 297.865327   8.645264 22.429
 73     5.116 54774.08564239 31.35 297.864587   8.648574 22.429
 73     5.040 54774.08564304 32.20 297.863857   8.651874 22.429
 73     5.057 54774.08564368 34.39 297.863117   8.655184 22.429
 73     5.112 54774.08564433 36.02 297.862377   8.658484 22.429
 73     5.076 54774.08564497 35.88 297.861637   8.661794 22.429
 73     5.013 54774.08564562 34.20 297.860907   8.665094 22.429
 73     4.948 54774.08564626 33.22 297.860167   8.668404 22.429
 73     5.018 54774.08564691 31.48 297.859427   8.671704 22.429
 74     6.248 54809.08564892 20.87 297.866531   8.626689 22.323
 74     6.394 54809.08564957 20.49 297.865791   8.629989 22.323
 74     6.795 54809.08565021 21.85 297.865052   8.633301 36.628
 74     6.841 54809.08565086 26.46 297.864312   8.636601 36.628
 74     9.758 54809.08565150 22.08 297.863572   8.639911 36.628
 74     5.348 54809.08565214 33.21 297.862842   8.643211 36.628
 74     5.187 54809.08565279 36.89 297.862102   8.646521 36.628
 74     5.068 54809.08565343 44.55 297.861362   8.649821 36.628
 74     5.168 54809.08565408 46.59 297.860622   8.653121 36.628
 74     5.148 54809.08565472 45.43 297.859892   8.656431 36.628
 74     5.157 54809.08565537 43.65 297.859152   8.659731 36.628
 75     6.278 54844.08563720 18.51 297.867596   8.629104 20.511
 75     5.437 54844.08563784 18.44 297.866856   8.632404 20.511
 75     5.867 54844.08563849 17.78 297.866125   8.635719 17.328
 75     5.918 54844.08563913 18.33 297.865385   8.639019 17.328
 75     5.870 54844.08563978 17.16 297.864645   8.642319 17.328
 75     5.868 54844.08564042 17.23 297.863905   8.645629 17.328
 75     5.470 54844.08564107 19.92 297.863175   8.648929 17.328
 75     7.808 54844.08564171 22.48 297.862435   8.652239 17.328
 75     4.090 54844.08564236 26.06 297.861695   8.655539 17.328
 75     3.976 54844.08564300 31.28 297.860955   8.658849 17.328
 75     4.760 54844.08564365 26.44 297.860225   8.662149 17.328
 75     4.934 54844.08564429 26.19 297.859485   8.665459 17.328
 75     4.773 54844.08564493 32.81 297.858745   8.668759 17.328
 76     5.223 54879.08565249 19.44 297.865812   8.627586 17.491
 76     6.892 54879.08565313 20.15 297.865076   8.630901 16.802
 76     3.089 54879.08565378 20.71 297.864336   8.634201 16.802
 76     3.192 54879.08565442 22.06 297.863596   8.637501 16.802
 76     3.373 54879.08565507 23.74 297.862866   8.640811 16.802
 76     3.371 54879.08565571 24.91 297.862126   8.644111 16.802
 76     1.718 54879.08565635 26.10 297.861386   8.647421 16.802
 76     2.258 54879.08565700 24.92 297.860646   8.650721 16.802
 76     3.546 54879.08565764 23.92 297.859916   8.654031 16.802
 77     4.439 54914.08564077 14.79 297.866089   8.628999 18.294
 77     3.764 54914.08564141 13.59 297.865349   8.632299 18.294
 77     3.527 54914.08564206 13.70 297.864609   8.635599 18.294
 77     3.824 54914.08564270 13.91 297.863881   8.638912 18.611
 77     4.305 54914.08564335 12.93 297.863141   8.642212 18.611
 77     3.188 54914.08564399 15.90 297.862401   8.645522 18.611
 77     3.263 54914.08564463 17.63 297.861661   8.648822 18.611
 77     2.254 54914.08564528 25.60 297.860931   8.652122 18.611
 77     2.776 54914.08564592 19.09 297.860191   8.655432 18.611
 77     2.867 54914.08564657 24.07 297.859451   8.658732 18.611
 78     2.841 54949.08564485 20.90 297.865726   8.626167 23.558
 78     2.287 54949.08564550 22.87 297.864986   8.629477 23.558
 78     1.806 54949.08564614 25.27 297.864256   8.632777 23.558
 78     1.697 54949.08564678 27.41 297.863516   8.636087 23.558
 78     1.794 54949.08564743 28.73 297.862776   8.639387 23.558
 78     1.697 54949.08564807 29.63 297.862036   8.642687 23.558
 79     3.890 54984.08567041 15.95 297.865266   8.627614 16.618
 79     3.165 54984.08567106 19.61 297.864532   8.630910 22.784
 79     3.342 54984.08567170 21.21 297.863792   8.634220 22.784
 79     3.187 54984.08567235 24.17 297.863052   8.637520 22.784
 80     7.166 55019.08566670 28.64 297.867828   8.629629 23.976
 80     6.309 55019.08566735 22.82 297.867088   8.632929 23.976
 80     5.106 55019.08566799 26.58 297.866355   8.636244 26.052
 80     5.008 55019.08566863 32.28 297.865615   8.639544 26.052
 80     5.212 55019.08566928 35.60 297.864875   8.642844 26.052
 80     4.983 55019.08566992 38.95 297.864145   8.646154 26.052
 80     5.136 55019.08567057 43.02 297.863405   8.649454 26.052
 80     5.200 55019.08567121 43.27 297.862665   8.652764 26.052
 80     5.034 55019.08567186 44.98 297.861925   8.656064 26.052
 80     5.132 55019.08567250 46.09 297.861185   8.659374 26.052
 80     5.015 55019.08567315 46.42 297.860455   8.662674 26.052
 80     4.959 55019.08567379 47.68 297.859715   8.665984 26.052
 80     4.973 55019.08567444 46.75 297.858975   8.669284 26.052
 81     8.749 55054.08566342 43.10 297.867681   8.631827 33.217
 81     6.984 55054.08566406 51.90 297.866949   8.635141 41.265
 81     7.007 55054.08566471 51.97 297.866209   8.638441 41.265
 81     7.098 55054.08566535 51.44 297.865469   8.641751 41.265
 81     7.144 55054.08566599 50.91 297.864739   8.645051 41.265
 81     7.049 55054.08566664 52.13 297.863999   8.648351 41.265
 81     7.013 55054.08566728 53.42 297.863259   8.651661 41.265
 81     6.908 55054.08566793 52.31 297.862519   8.654961 41.265
 81     6.955 55054.08566857 52.39 297.861779   8.658271 41.265
 81     6.983 55054.08566922 50.97 297.861049   8.661571 41.265
 81     6.974 55054.08566986 51.22 297.860309   8.664881 41.265
 81     6.989 55054.08567051 51.37 297.859569   8.668181 41.265
 81     6.981 55054.08567115 49.07 297.858829   8.671491 41.265
 82     6.535 55089.08562360 27.97 297.867313   8.627820 26.490
 82     6.414 55089.08562424 25.77 297.866573   8.631120 26.490
 82     6.579 55089.08562489 28.55 297.865843   8.634420 26.490
 82     6.643 55089.08562553 30.18 297.865104   8.637726 37.314
 82     6.752 55089.08562618 34.48 297.864364   8.641036 37.314
 82     6.721 55089.08562682 37.05 297.863624   8.644336 37.314
 82     6.863 55089.08562747 32.58 297.862884   8.647646 37.314
 82     6.724 55089.08562811 36.26 297.862154   8.650946 37.314
 82     6.845 55089.08562876 37.60 297.861414   8.654256 37.314
 82     6.792 55089.08562940 37.33 297.860674   8.657556 37.314
 82     6.734 55089.08563005 33.06 297.859934   8.660866 37.314
 82     6.702 55089.08563069 32.99 297.859204   8.664166 37.314
 83     6.591 55124.08559959 21.45 297.867814   8.629772 22.113
 83     5.980 55124.08560024 22.58 297.867078   8.633087 26.962
 83     6.416 55124.08560088 22.85 297.866338   8.636387 26.962
 83     6.675 55124.08560152 21.18 297.865598   8.639687 26.962
 83     6.550 55124.08560217 23.41 297.864868   8.642997 26.962
 83     6.604 55124.08560281 23.24 297.864128   8.646297 26.962
 83     5.950 55124.08560346 23.88 297.863388   8.649607 26.962
 83     4.921 55124.08560410 30.32 297.862648   8.652907 26.962
 83     4.922 55124.08560475 31.42 297.861908   8.656217 26.962
 83     4.857 55124.08560539 32.92 297.861178   8.659517 26.962
 83     5.027 55124.08560604 29.24 297.860438   8.662827 26.962
 83     5.125 55124.08560668 30.70 297.859698   8.666127 26.962
 83     5.147 55124.08560733 35.07 297.858958   8.669437 26.962
 84     4.216 55159.08558443 18.07 297.866464   8.630116 17.960
 84     3.796 55159.08558508 18.78 297.865724   8.633416 17.960
 84     4.137 55159.08558572 22.11 297.864984   8.636716 17.960
 84     4.137 55159.08558637 24.53 297.864253   8.640030 17.908
 84     4.325 55159.08558701 25.82 297.863513   8.643330 17.908
 84     4.250 55159.08558765 21.60 297.862773   8.646640 17.908
 84     4.174 55159.08558830 23.59 297.862043   8.649940 17.908
 84     4.388 55159.08558894 24.23 297.861303   8.653240 17.908
 84     4.145 55159.08558959 30.19 297.860563   8.656550 17.908
 84     4.149 55159.08559023 31.44 297.859823   8.659850 17.908
 84     4.314 55159.08559088 32.82 297.859083   8.663160 17.908
 85     2.900 55194.08558987 23.97 297.866084   8.629389 14.889
 85     2.969 55194.08559052 25.49 297.865346   8.632703 17.763
 85     3.243 55194.08559116 24.83 297.864606   8.636003 17.763
 85     1.743 55194.08559181 28.85 297.863866   8.639303 17.763
 85     1.725 55194.08559245 29.45 297.863136   8.642613 17.763
 85     1.603 55194.08559310 29.20 297.862396   8.645913 17.763
 85     1.560 55194.08559374 26.63 297.861656   8.649223 17.763
 85     2.993 55194.08559439 25.75 297.860916   8.652523 17.763
 85     3.336 55194.08559503 24.94 297.860186   8.655833 17.763
 85     3.556 55194.08559568 25.06 297.859446   8.659133 17.763
 87     3.131 55264.08558485 16.02 297.867430   8.630616 18.392
 87     1.606 55264.08558550 17.95 297.866696   8.633928 15.139
 87     1.249 55264.08558614 20.78 297.865956   8.637228 15.139
 87     1.268 55264.08558679 20.36 297.865216   8.640538 15.139
 87     1.162 55264.08558743 19.96 297.864486   8.643838 15.139
 87     0.964 55264.08558808 21.86 297.863746   8.647148 15.139
 87     1.031 55264.08558872 22.13 297.863006   8.650448 15.139
 87     1.257 55264.08558937 24.11 297.862266   8.653748 15.139
 87     1.443 55264.08559001 25.31 297.861526   8.657058 15.139
 87     2.057 55264.08559066 18.45 297.860796   8.660358 15.139
 87     2.414 55264.08559130 25.73 297.860056   8.663668 15.139
 87     2.452 55264.08559194 28.57 297.859316   8.666968 15.139
 87     2.437 55264.08559259 20.29 297.858576   8.670278 15.139
 88     2.991 55299.08557027 15.84 297.867551   8.632000 15.949
 88     2.594 55299.08557092 15.28 297.866811   8.635300 15.949
 88     2.156 55299.08557156 15.94 297.866082   8.638604 11.354
 88     1.898 55299.08557221 16.45 297.865342   8.641914 11.354
 88     1.773 55299.08557285 15.43 297.864602   8.645214 11.354
 88     1.822 55299.08557350 14.17 297.863862   8.648524 11.354
 88     1.652 55299.08557414 14.58 297.863132   8.651824 11.354
 88     1.630 55299.08557479 15.59 297.862392   8.655134 11.354
 88     1.633 55299.08557543 14.71 297.861652   8.658434 11.354
 88     2.146 55299.08557608 15.07 297.860912   8.661744 11.354
 88     2.179 55299.08557672 23.49 297.860182   8.665044 11.354
 88     2.496 55299.08557737 20.41 297.859442   8.668354 11.354
 88     1.574 55299.08557801 20.28 297.858702   8.671654 11.354
 89     3.737 55334.08556279 16.04 297.866480   8.626840 16.873
 89     3.738 55334.08556343 15.53 297.865740   8.630150 16.873
 89     3.850 55334.08556408 15.29 297.865007   8.633456 21.877
 89     3.769 55334.08556472 16.73 297.864267   8.636756 21.877
 89     3.745 55334.08556536 16.86 297.863527   8.640056 21.877
 89     3.908 55334.08556601 18.17 297.862797   8.643366 21.877
 89     3.865 55334.08556665 19.53 297.862057   8.646666 21.877
 89     3.653 55334.08556730 28.41 297.861317   8.649976 21.877
 89     3.526 55334.08556794 34.86 297.860577   8.653276 21.877
 89     3.681 55334.08556859 40.98 297.859837   8.656586 21.877
 89     3.672 55334.08556923 39.13 297.859107   8.659886 21.877
 90     6.902 55369.08555396 23.81 297.867960   8.629039 24.115
 90     6.985 55369.08555461 22.66 297.867220   8.632339 24.115
 90     7.428 55369.08555525 24.18 297.866487   8.635654 29.198
 90     7.722 55369.08555590 23.81 297.865747   8.638954 29.198
 90     7.481 55369.08555654 25.69 297.865007   8.642254 29.198
 90     8.027 55369.08555719 28.23 297.864277   8.645564 29.198
 90     8.108 55369.08555783 26.48 297.863537   8.648864 29.198
 90     7.751 55369.08555848 24.99 297.862797   8.652174 29.198
 90     6.337 55369.08555912 30.50 297.862057   8.655474 29.198
 90     6.345 55369.08555977 34.41 297.861317   8.658784 29.198
 90     6.293 55369.08556041 31.82 297.860587   8.662084 29.198
 90     6.334 55369.08556106 30.90 297.859847   8.665394 29.198
 90     6.405 55369.08556170 34.01 297.859107   8.668694 29.198
 90     6.457 55369.08556235 33.82 297.858367   8.672004 29.198
 91     9.171 55404.08557039 27.93 297.867651   8.627858 26.870
 91     7.576 55404.08557103 28.44 297.866911   8.631158 26.870
 91     7.984 55404.08557168 28.10 297.866174   8.634471 29.180
 91     7.980 55404.08557232 29.11 297.865434   8.637771 29.180
 91     8.041 55404.08557296 30.98 297.864704   8.641081 29.180
 91     7.982 55404.08557361 30.17 297.863964   8.644381 29.180
 91     7.953 55404.08557425 31.89 297.863224   8.647681 29.180
 91     8.092 55404.08557490 32.53 297.862484   8.650991 29.180
 91     7.912 55404.08557554 35.80 297.861744   8.654291 29.180
 91     7.983 55404.08557619 32.36 297.861014   8.657601 29.180
 91     7.853 55404.08557683 33.83 297.860274   8.660901 29.180
 91     7.994 55404.08557748 34.13 297.859534   8.664211 29.180
 91     7.867 55404.08557812 33.84 297.858794   8.667511 29.180
 92     8.208 55439.08557310 29.27 297.867985   8.632189 25.276
 92     8.329 55439.08557375 29.70 297.867254   8.635504 27.736
 92     8.393 55439.08557439 29.61 297.866514   8.638804 27.736
 92     8.375 55439.08557504 30.14 297.865774   8.642114 27.736
 92     8.331 55439.08557568 29.52 297.865034   8.645414 27.736
 92     8.367 55439.08557633 31.15 297.864304   8.648714 27.736
 92     8.381 55439.08557697 28.95 297.863564   8.652024 27.736
 92     8.425 55439.08557762 30.23 297.862824   8.655324 27.736
 92     8.200 55439.08557826 31.17 297.862084   8.658634 27.736
 92     8.226 55439.08557891 31.38 297.861354   8.661934 27.736
 92     8.345 55439.08557955 32.33 297.860614   8.665244 27.736
 92     8.402 55439.08558020 33.33 297.859874   8.668544 27.736
 92     8.394 55439.08558084 38.39 297.859134   8.671854 27.736
 93     8.576 55474.08551940 26.68 297.868256   8.631678 27.297
 93     8.489 55474.08552005 26.97 297.867516   8.634978 27.297
 93     7.410 55474.08552069 27.42 297.866786   8.638288 27.297
 93     7.524 55474.08552134 28.28 297.866038   8.641584 27.381
 93     7.471 55474.08552198 28.76 297.865308   8.644894 27.381
 93     7.522 55474.08552263 29.40 297.864568   8.648194 27.381
 93     7.542 55474.08552327 29.53 297.863828   8.651504 27.381
 93     7.498 55474.08552392 31.76 297.863098   8.654804 27.381
 93     7.547 55474.08552456 32.83 297.862358   8.658114 27.381
 93     7.580 55474.08552521 32.49 297.861618   8.661414 27.381
 93     7.558 55474.08552585 31.67 297.860878   8.664724 27.381
 93     7.481 55474.08552649 32.53 297.860148   8.668024 27.381
 93     7.536 55474.08552714 32.33 297.859408   8.671334 27.381
