#    0.000   0.000   0.000 ;Mean Elev.(m), Avg Gradient(m/km), RMS Gradient(m/km) - SRTM1     
#    0.000   0.000   0.000 ;Mean Elev.(m), Avg Gradient(m/km), RMS Gradient(m/km) - ASTER GDEM
#    9.577  -4.289   9.826 ;Mean Elev.(m), Avg Gradient(m/km), RMS Gradient(m/km) - GMTED2010 
  7    38.850 52467.08961744  3.62 296.535002   8.152212  3.829
  7    37.406 52467.08961808  2.59 296.534272   8.155512  3.829
  7    43.436 52467.08961873  0.27 296.533532   8.158822  3.829
  7    14.907 52467.08962002  3.42 296.532062   8.165432  3.829
  7    14.448 52467.08962066  3.58 296.531322   8.168732  3.829
  7    15.531 52467.08962131  1.57 296.530582   8.172042  3.829
  8    67.888 52502.08960934  1.08 296.534765   8.153690 11.098
  8    53.733 52502.08960998  3.89 296.534025   8.157000 11.098
  8    45.303 52502.08961063  7.15 296.533285   8.160300 11.098
  8    45.548 52502.08961127  7.84 296.532555   8.163610 11.098
  8    47.066 52502.08961192  7.49 296.531815   8.166910 11.098
  9    49.394 52537.08959412  5.78 296.534646   8.149466 10.260
  9    36.477 52537.08959541  9.76 296.533176   8.156076 10.260
  9    40.261 52537.08959605  6.90 296.532436   8.159376 10.260
  9    16.651 52537.08959734 30.20 296.530966   8.165986 10.260
  9    16.585 52537.08959799 35.88 296.530226   8.169296 10.260
 10    38.982 52572.08963241  3.78 296.532734   8.155553  5.333
 10    43.126 52572.08963306  4.14 296.531994   8.158853  5.333
 10    45.078 52572.08963370  3.78 296.531264   8.162163  5.333
 10    46.634 52572.08963435  3.49 296.530524   8.165463  5.333
 11    41.606 52607.08959065  4.96 296.538161   8.156869  9.143
 11    41.959 52607.08959129  6.74 296.537421   8.160169  9.143
 11    43.820 52607.08959194  6.95 296.536691   8.163479  9.143
 11    47.948 52607.08959258  6.83 296.535951   8.166779  9.143
 11    49.173 52607.08959323  6.83 296.535211   8.170089  9.143
 11    49.855 52607.08959387 10.08 296.534481   8.173389  9.143
 12    39.045 52642.08958816  3.78 296.533723   8.152917  5.578
 12    41.294 52642.08958880  3.57 296.532993   8.156217  5.578
 12    43.034 52642.08958945  3.33 296.532253   8.159527  5.578
 12    44.652 52642.08959009  3.51 296.531513   8.162827  5.578
 12    45.829 52642.08959074  8.77 296.530783   8.166137  5.578
 12    12.099 52642.08959138 13.94 296.530043   8.169437  5.578
 13    41.416 52677.08957563  3.06 296.537254   8.157699  9.305
 13    43.947 52677.08957628  2.91 296.536514   8.161009  9.305
 13    46.442 52677.08957692  3.44 296.535784   8.164309  9.305
 14    60.014 52712.08960577  1.24 296.533747   8.150985  5.774
 14    39.935 52712.08960642  3.42 296.533007   8.154295  5.774
 14    41.757 52712.08960706  3.76 296.532267   8.157595  5.774
 14    44.295 52712.08960771  3.33 296.531537   8.160905  5.774
 14    46.204 52712.08960835  3.67 296.530797   8.164205  5.774
 14    42.419 52712.08960900  9.61 296.530067   8.167515  5.774
 14    11.711 52712.08960964 11.87 296.529327   8.170815  5.774
 15    57.966 52747.08963242  0.78 296.527661   8.150932  7.698
 15    40.996 52747.08963307  2.49 296.526921   8.154242  7.698
 15    44.189 52747.08963371  3.21 296.526181   8.157542  7.698
 15    46.608 52747.08963436  3.09 296.525451   8.160852  7.698
 15    48.156 52747.08963500  4.01 296.524711   8.164152  7.698
 16    73.161 52782.08957166  1.61 296.533265   8.150526  6.759
 16    68.631 52782.08957231  1.49 296.532525   8.153826  6.759
 16    55.956 52782.08957295  3.27 296.531795   8.157136  6.759
 16    44.130 52782.08957359  7.21 296.531055   8.160436  6.759
 16    45.689 52782.08957424  9.13 296.530315   8.163746  6.759
 16    47.689 52782.08957488  9.15 296.529575   8.167046  6.759
 16    49.473 52782.08957553  8.77 296.528845   8.170356  6.759
 17    67.354 52817.08965072  0.20 296.532851   8.148806  7.103
 17    59.267 52817.08965137  1.08 296.532121   8.152106  7.103
 17    45.580 52817.08965201  3.89 296.531381   8.155416  7.103
 17    41.747 52817.08965265  6.69 296.530641   8.158716  7.103
 17    43.373 52817.08965330  6.50 296.529911   8.162026  7.103
 17    46.664 52817.08965394  6.55 296.529171   8.165326  7.103
 17    48.587 52817.08965459  6.67 296.528441   8.168636  7.103
 18    49.969 52852.08970180  6.64 296.536177   8.151823  8.116
 18    48.733 52852.08970245  6.32 296.535437   8.155133  8.116
 18    46.028 52852.08970309  7.40 296.534697   8.158433  8.116
 18    37.288 52852.08970374 12.69 296.533967   8.161743  8.116
 18    38.141 52852.08970438 14.54 296.533227   8.165043  8.116
 20    65.211 52922.08969117  1.62 296.536066   8.152757  9.758
 20    55.972 52922.08969181  3.77 296.535326   8.156067  9.758
 20    41.806 52922.08969246  6.75 296.534596   8.159367  9.758
 20    44.078 52922.08969310  8.18 296.533856   8.162677  9.758
 20    46.520 52922.08969375  8.46 296.533116   8.165977  9.758
 21    40.958 52957.08965708  2.93 296.539815   8.157181  9.067
 21    42.529 52957.08965773  4.16 296.539075   8.160491  9.067
 21    46.843 52957.08965837  4.31 296.538335   8.163791  9.067
 21    48.271 52957.08965901  3.91 296.537605   8.167101  9.067
 21    47.002 52957.08965966  7.40 296.536865   8.170401  9.067
 22    43.502 52992.08967822  4.02 296.538547   8.159874  8.329
 22    46.297 52992.08967886  3.77 296.537807   8.163174  8.329
 22    47.155 52992.08967951  4.04 296.537077   8.166484  8.329
 22    50.007 52992.08968015  3.81 296.536337   8.169784  8.329
 23    41.448 53027.08964399  3.02 296.541863   8.158849  5.294
 23    44.464 53027.08964464  3.47 296.541133   8.162159  5.294
 23    46.305 53027.08964528  3.18 296.540393   8.165459  5.294
 23    48.841 53027.08964593  3.22 296.539653   8.168769  5.294
 23    11.786 53027.08964721 13.73 296.538183   8.175379  5.294
 24    41.761 53062.08965286  2.49 296.541249   8.158015  6.946
 24    43.700 53062.08965351  3.15 296.540519   8.161325  6.946
 24    46.748 53062.08965415  3.19 296.539779   8.164625  6.946
 24    49.557 53062.08965480  3.29 296.539049   8.167935  6.946
 24    46.466 53062.08965544  7.04 296.538309   8.171235  6.946
 24    11.668 53062.08965609 11.63 296.537569   8.174545  6.946
 25    59.255 53097.08967528  0.06 296.530882   8.151278  6.319
 25    41.500 53097.08967593  3.83 296.530142   8.154578  6.319
 25    42.004 53097.08967657  5.41 296.529402   8.157888  6.319
 25    43.415 53097.08967722  5.68 296.528672   8.161188  6.319
 25    46.713 53097.08967786  5.46 296.527932   8.164498  6.319
 25    45.556 53097.08967850  9.34 296.527192   8.167798  6.319
 26    40.529 53132.08964992  3.78 296.542752   8.159132  5.898
 26    44.247 53132.08965057  4.30 296.542022   8.162432  5.898
 26     7.774 53132.08965186 14.32 296.540542   8.169042  5.898
 26     8.122 53132.08965250 14.81 296.539812   8.172352  5.898
 26    10.144 53132.08965315 12.35 296.539072   8.175652  5.898
 28    58.816 53202.08972734  4.32 296.534455   8.153215  9.806
 28    55.065 53202.08972798  2.51 296.533715   8.156525  9.806
 28    45.595 53202.08972862  4.78 296.532975   8.159825  9.806
 28    45.574 53202.08972927  4.64 296.532245   8.163135  9.806
 28    47.192 53202.08972991  4.35 296.531505   8.166435  9.806
 29    45.691 53237.08969720  5.79 296.541734   8.159802  8.085
 29    45.179 53237.08969785  7.36 296.540994   8.163102  8.085
 29    48.541 53237.08969849  7.54 296.540264   8.166412  8.085
 29    50.952 53237.08969914  7.68 296.539524   8.169712  8.085
 29    17.082 53237.08970043 27.08 296.538054   8.176322  8.085
 30    56.853 53272.08965338  1.35 296.537084   8.155025 10.801
 30    41.445 53272.08965403  3.74 296.536354   8.158335 10.801
 30    44.546 53272.08965467  3.97 296.535614   8.161635 10.801
 30    46.679 53272.08965532  3.88 296.534874   8.164945 10.801
 30    15.836 53272.08965661 21.80 296.533404   8.171555 10.801
 31    42.564 53307.08971805  2.61 296.529157   8.154539 10.194
 31    42.798 53307.08971869  4.15 296.528417   8.157839 10.194
 31    44.780 53307.08971934  4.42 296.527677   8.161149 10.194
 31    51.049 53307.08971998  4.24 296.526937   8.164449 10.194
 32    58.696 53342.08968497  0.38 296.535359   8.154316  6.138
 32    42.901 53342.08968562  2.92 296.534619   8.157626  6.138
 32    45.309 53342.08968626  3.88 296.533889   8.160926  6.138
 32    46.227 53342.08968691  3.77 296.533149   8.164236  6.138
 32    48.306 53342.08968755  3.78 296.532409   8.167536  6.138
 32    15.504 53342.08968820 10.72 296.531679   8.170846  6.138
 33    43.041 53377.08961988  2.95 296.537263   8.157875  2.557
 33    44.112 53377.08962053  3.72 296.536523   8.161185  2.557
 33    47.483 53377.08962117  3.61 296.535783   8.164485  2.557
 33    48.747 53377.08962182  3.50 296.535053   8.167795  2.557
 33    51.829 53377.08962246  3.63 296.534313   8.171095  2.557
 35    56.570 53447.08964496  2.01 296.534037   8.155013  4.258
 35    44.626 53447.08964560  3.53 296.533297   8.158313  4.258
 35    44.632 53447.08964625  3.68 296.532567   8.161623  4.258
 35    47.234 53447.08964689  3.45 296.531827   8.164923  4.258
 35    48.716 53447.08964753  3.46 296.531087   8.168233  4.258
 35    48.658 53447.08964818  7.79 296.530347   8.171533  4.258
 36    67.675 53482.08972989  0.04 296.528635   8.151896  9.717
 36    47.496 53482.08973053  2.28 296.527895   8.155206  9.717
 36    44.679 53482.08973118  3.53 296.527155   8.158506  9.717
 36    46.869 53482.08973182  3.51 296.526425   8.161816  9.717
 36    49.301 53482.08973247  3.43 296.525685   8.165116  9.717
 36    49.604 53482.08973311  4.27 296.524955   8.168426  9.717
 37    41.562 53517.08973314  4.07 296.535520   8.156904  6.087
 37    44.022 53517.08973378  4.22 296.534780   8.160214  6.087
 37    45.604 53517.08973443  4.26 296.534040   8.163514  6.087
 37    47.288 53517.08973507  4.53 296.533310   8.166824  6.087
 37    50.377 53517.08973572  4.45 296.532570   8.170124  6.087
 38    54.722 53552.08975345  1.43 296.529331   8.153844  7.151
 38    44.334 53552.08975409  5.44 296.528591   8.157154  7.151
 38    44.103 53552.08975474  7.77 296.527851   8.160454  7.151
 38    45.930 53552.08975538  7.64 296.527121   8.163764  7.151
 38    49.046 53552.08975603  7.77 296.526381   8.167064  7.151
 39    41.076 53587.08970729  5.70 296.538939   8.157093  9.826
 39    42.834 53587.08970794  7.05 296.538199   8.160403  9.826
 39    47.263 53587.08970858  6.85 296.537469   8.163703  9.826
 39    48.615 53587.08970923  7.15 296.536729   8.167013  9.826
 39    44.418 53587.08970987 12.86 296.535989   8.170313  9.826
 39    15.242 53587.08971052 21.04 296.535259   8.173623  9.826
 40    70.165 53622.08967217  0.11 296.529044   8.149611  2.840
 40    55.573 53622.08967282  0.85 296.528304   8.152911  2.840
 40    45.295 53622.08967346  4.14 296.527564   8.156211  2.840
 40    46.234 53622.08967411  5.83 296.526834   8.159521  2.840
 40    45.920 53622.08967475  5.82 296.526094   8.162821  2.840
 40    48.318 53622.08967540  5.99 296.525357   8.166136 10.412
 41    58.893 53657.08970057  1.47 296.533532   8.153061  8.048
 41    44.112 53657.08970122  4.28 296.532792   8.156371  8.048
 41    42.163 53657.08970186  4.99 296.532052   8.159671  8.048
 41    45.078 53657.08970251  4.64 296.531322   8.162981  8.048
 41    48.182 53657.08970315  4.27 296.530582   8.166281  8.048
 42    61.605 53692.08968571  0.86 296.534826   8.151391  6.342
 42    38.176 53692.08968635  5.12 296.534086   8.154691  6.342
 42    40.312 53692.08968699  6.25 296.533346   8.158001  6.342
 42    45.223 53692.08968764  6.51 296.532616   8.161301  6.342
 42    45.947 53692.08968828  6.45 296.531876   8.164611  6.342
 42    49.213 53692.08968893  6.69 296.531136   8.167911  6.342
 43    39.944 53727.08961039  5.94 296.538508   8.157734  9.325
 43    43.770 53727.08961103  4.79 296.537768   8.161044  9.325
 43    47.406 53727.08961168  4.42 296.537038   8.164344  9.325
 43    48.212 53727.08961232  4.10 296.536298   8.167654  9.325
 43    12.088 53727.08961361 15.63 296.534828   8.174264  9.325
 44    54.978 53762.08956448  4.69 296.540760   8.161004  9.372
 44    49.909 53762.08956513  5.54 296.540030   8.164314  9.372
 44    49.534 53762.08956577  6.26 296.539290   8.167614  9.372
 44    54.718 53762.08956641  6.11 296.538560   8.170924  9.372
 44    55.907 53762.08956706  6.04 296.537820   8.174224  9.372
 45    44.251 53797.08957677  3.02 296.538733   8.159993 10.671
 45    45.930 53797.08957741  3.13 296.537993   8.163303 10.671
 45    48.505 53797.08957805  2.81 296.537253   8.166603 10.671
 45    50.827 53797.08957870  3.32 296.536523   8.169913 10.671
 47    72.750 53867.08963349  0.16 296.533943   8.149451  2.111
 47    65.596 53867.08963414  0.31 296.533211   8.152757  4.402
 47    56.191 53867.08963478  2.85 296.532471   8.156057  4.402
 47    43.654 53867.08963543  7.29 296.531731   8.159357  4.402
 47    46.678 53867.08963607  8.49 296.531001   8.162667  4.402
 47    47.241 53867.08963671  8.44 296.530261   8.165967  4.402
 47    50.365 53867.08963736  8.08 296.529521   8.169277  4.402
 48    61.884 53902.08966382  1.37 296.534943   8.151190  5.533
 48    38.423 53902.08966446  5.28 296.534203   8.154490  5.533
 48    42.522 53902.08966511  5.07 296.533463   8.157800  5.533
 48    42.788 53902.08966575  5.45 296.532733   8.161100  5.533
 48    47.624 53902.08966640  4.99 296.531993   8.164410  5.533
 48    49.137 53902.08966704  5.28 296.531253   8.167710  5.533
 48    14.692 53902.08966769 11.02 296.530523   8.171020  5.533
 49    69.053 53937.08970277  0.56 296.525486   8.152440  9.308
 49    54.640 53937.08970342  3.17 296.524746   8.155740  9.308
 49    46.069 53937.08970406  6.60 296.524016   8.159050  9.308
 49    41.781 53937.08970471  8.79 296.523276   8.162350  9.308
 49    39.812 53937.08970535 14.40 296.522536   8.165660  9.308
 50    76.851 53972.08966708  1.84 296.532652   8.152053  1.977
 50    51.023 53972.08966837  6.18 296.531177   8.158662  9.110
 50    51.303 53972.08966902  4.57 296.530437   8.161962  9.110
 50    38.977 53972.08966966 14.41 296.529707   8.165272  9.110
 50    38.597 53972.08967030 19.39 296.528967   8.168572  9.110
 52    40.418 54042.08967783  3.70 296.539099   8.156988  6.347
 52    43.159 54042.08967848  4.89 296.538369   8.160298  6.347
 52    47.611 54042.08967912  4.32 296.537629   8.163598  6.347
 52    48.715 54042.08967977  4.14 296.536889   8.166908  6.347
 52    12.742 54042.08968106 18.72 296.535419   8.173518  6.347
 53    60.829 54077.08967127  0.37 296.536341   8.154961  7.426
 53    46.581 54077.08967192  3.69 296.535601   8.158271  7.426
 53    48.292 54077.08967256  4.52 296.534861   8.161571  7.426
 53    47.929 54077.08967321  4.56 296.534131   8.164881  7.426
 53    49.433 54077.08967385  4.57 296.533391   8.168181  7.426
 53    51.908 54077.08967450  4.49 296.532651   8.171491  7.426
 56    47.657 54182.08959862  1.36 296.536721   8.152391  2.930
 56    43.764 54182.08959927  3.86 296.535981   8.155691  2.930
 56    42.150 54182.08959991  4.56 296.535241   8.159001  2.930
 56    44.699 54182.08960056  4.08 296.534511   8.162301  2.930
 56    47.822 54182.08960120  3.95 296.533771   8.165611  2.930
 56    48.372 54182.08960185  6.10 296.533041   8.168911  2.930
 56    48.309 54182.08960249  9.52 296.532301   8.172221  2.930
 57    43.220 54217.08962235  3.84 296.533900   8.155030  2.603
 57    43.194 54217.08962299  4.09 296.533160   8.158340  2.603
 57    44.224 54217.08962364  4.28 296.532420   8.161640  2.603
 57    47.337 54217.08962428  4.04 296.531690   8.164950  2.603
 57    48.839 54217.08962493  4.35 296.530950   8.168250  2.603
 57    49.291 54217.08962557  7.77 296.530210   8.171550  2.603
 58    59.848 54252.08964838  3.09 296.534811   8.152870  2.672
 58    40.893 54252.08964902  6.41 296.534071   8.156180  2.672
 58    41.586 54252.08964967  8.05 296.533331   8.159480  2.672
 58    44.556 54252.08965031  8.22 296.532601   8.162790  2.672
 58    46.438 54252.08965096  8.09 296.531861   8.166090  2.672
 58    49.223 54252.08965160  8.77 296.531121   8.169400  2.672
 58    51.583 54252.08965225  9.40 296.530390   8.172698  5.516
 59    41.249 54287.08965412  4.73 296.536796   8.156962  3.316
 59    42.162 54287.08965476  6.22 296.536056   8.160272  3.316
 59    44.647 54287.08965540  6.45 296.535316   8.163572  3.316
 59    47.435 54287.08965605  6.19 296.534586   8.166882  3.316
 59    42.731 54287.08965669 12.16 296.533846   8.170182  3.316
 59    14.824 54287.08965734 19.12 296.533106   8.173492  3.316
 60    79.586 54322.08965055  2.47 296.537153   8.154883  3.896
 60    75.822 54322.08965120  3.16 296.536423   8.158183  3.896
 60    49.407 54322.08965184  9.62 296.535683   8.161493  3.896
 60    51.400 54322.08965249 10.37 296.534943   8.164793  3.896
 60    49.005 54322.08965313 13.06 296.534213   8.168103  3.896
 60    47.922 54322.08965378 17.92 296.533473   8.171403  3.896
 61    61.228 54357.08961018  0.77 296.537211   8.157091  3.834
 61    45.404 54357.08961083  5.96 296.536481   8.160391  3.834
 61    47.478 54357.08961147  7.28 296.535741   8.163701  3.834
 61    50.663 54357.08961212  7.86 296.535011   8.167001  3.834
 61    50.341 54357.08961276  7.93 296.534271   8.170311  3.834
 62    59.197 54392.08959110  1.35 296.536385   8.155055  4.898
 62    42.482 54392.08959174  4.77 296.535645   8.158355  4.898
 62    43.488 54392.08959238  5.64 296.534905   8.161665  4.898
 62    45.581 54392.08959303  5.91 296.534175   8.164965  4.898
 62    43.373 54392.08959367 10.74 296.533435   8.168275  4.898
 63    44.775 54427.08955980  3.11 296.537017   8.155780  4.340
 63    41.244 54427.08956044  5.06 296.536287   8.159090  4.340
 63    46.662 54427.08956108  4.74 296.535547   8.162390  4.340
 63    47.922 54427.08956173  4.56 296.534807   8.165700  4.340
 63    49.407 54427.08956237  4.14 296.534077   8.169000  4.340
 64    59.016 54462.08956830  2.73 296.536620   8.153356  3.345
 64    44.033 54462.08956894  4.47 296.535890   8.156656  3.345
 64    42.106 54462.08956959  5.62 296.535150   8.159966  3.345
 64    44.563 54462.08957023  5.93 296.534410   8.163266  3.345
 64    47.002 54462.08957088  5.55 296.533680   8.166576  3.345
 64    48.934 54462.08957152  6.26 296.532940   8.169876  3.345
 65    42.610 54497.08956761  3.08 296.537276   8.155566  6.600
 65    42.179 54497.08956825  3.65 296.536546   8.158866  6.600
 65    44.401 54497.08956890  3.81 296.535806   8.162176  6.600
 65    47.219 54497.08956954  3.62 296.535066   8.165476  6.600
 65    11.734 54497.08957083 14.64 296.533596   8.172086  6.600
 66    57.400 54532.08958192  2.66 296.537105   8.156540  9.857
 66    43.176 54532.08958256  5.92 296.536375   8.159850  9.857
 66    46.555 54532.08958321  6.00 296.535635   8.163150  9.857
 66    49.166 54532.08958385  6.23 296.534905   8.166460  9.857
 66    50.448 54532.08958450  6.32 296.534165   8.169760  9.857
 66    54.037 54532.08958514  6.50 296.533425   8.173070  9.857
 67    45.350 54567.08957249  2.02 296.537316   8.153600  7.219
 67    41.739 54567.08957314  3.54 296.536576   8.156910  7.219
 67    42.367 54567.08957378  3.69 296.535836   8.160210  7.219
 67    45.311 54567.08957443  3.55 296.535106   8.163520  7.219
 67    48.330 54567.08957507  3.69 296.534366   8.166820  7.219
 67    47.979 54567.08957572  7.38 296.533636   8.170130  7.219
 67    11.640 54567.08957636 11.15 296.532896   8.173430  7.219
 68    67.239 54602.08957746  0.51 296.535270   8.153968  5.702
 68    57.315 54602.08957810  2.80 296.534540   8.157268  5.702
 68    46.296 54602.08957875  4.97 296.533800   8.160578  5.702
 68    46.753 54602.08957939  6.30 296.533060   8.163878  5.702
 68    47.724 54602.08958004  6.31 296.532330   8.167188  5.702
 68    49.906 54602.08958068  6.16 296.531590   8.170488  5.702
 69    59.662 54637.08958838  0.94 296.534973   8.153016  5.379
 69    43.894 54637.08958903  3.40 296.534233   8.156316  5.379
 69    43.288 54637.08958967  4.09 296.533503   8.159626  5.379
 69    45.038 54637.08959031  3.91 296.532763   8.162926  5.379
 69    47.315 54637.08959096  3.89 296.532033   8.166236  5.379
 69    48.430 54637.08959160  7.23 296.531293   8.169536  5.379
 70    62.715 54672.08959198  0.95 296.535022   8.153884  7.089
 70    43.694 54672.08959262  6.01 296.534282   8.157184  7.089
 70    43.035 54672.08959327  7.98 296.533552   8.160494  7.089
 70    46.158 54672.08959391  7.95 296.532812   8.163794  7.089
 70    48.517 54672.08959455  8.11 296.532072   8.167104  7.089
 71    58.021 54707.08955253  2.05 296.537487   8.157496 10.427
 71    37.767 54707.08955317 10.90 296.536747   8.160796 10.427
 71    39.917 54707.08955382 11.36 296.536017   8.164106 10.427
 71    42.896 54707.08955446 11.77 296.535277   8.167406 10.427
 72    57.273 54742.08955722  2.26 296.535464   8.155495  6.363
 72    41.413 54742.08955787  5.77 296.534734   8.158805  6.363
 72    42.829 54742.08955851  5.85 296.533994   8.162105  6.363
 72    46.094 54742.08955916  5.68 296.533264   8.165415  6.363
 72    30.404 54742.08955980 12.15 296.532524   8.168715  6.363
 73    41.350 54777.08953324  4.08 296.537305   8.158216  7.961
 73    44.196 54777.08953388  3.22 296.536565   8.161516  7.961
 73    47.039 54777.08953452  3.17 296.535835   8.164826  7.961
 73    12.152 54777.08953581 18.78 296.534365   8.171436  7.961
 73    12.641 54777.08953646 22.32 296.533625   8.174736  7.961
 76    61.204 54882.08955305  0.34 296.535035   8.152267  5.190
 76    44.963 54882.08955370  2.28 296.534295   8.155567  5.190
 76    42.693 54882.08955434  3.55 296.533565   8.158877  5.190
 76    45.208 54882.08955499  3.24 296.532825   8.162177  5.190
 76    47.383 54882.08955563  2.80 296.532095   8.165487  5.190
 76    44.410 54882.08955628  8.20 296.531355   8.168787  5.190
 76    12.317 54882.08955692 13.71 296.530615   8.172097  5.190
 77    46.377 54917.08953586  2.27 296.534815   8.153760  5.571
 77    43.569 54917.08953651  2.88 296.534075   8.157070  5.571
 77    43.340 54917.08953715  3.16 296.533335   8.160370  5.571
 77    45.573 54917.08953779  3.15 296.532605   8.163680  5.571
 77    47.557 54917.08953844  4.15 296.531865   8.166980  5.571
 79    40.178 54987.08957201  3.35 296.533211   8.153387  5.410
 79    42.851 54987.08957265  3.83 296.532481   8.156697  5.410
 79    42.570 54987.08957329  3.95 296.531741   8.159997  5.410
 79    47.070 54987.08957394  3.65 296.531011   8.163307  5.410
 79    47.648 54987.08957458  3.64 296.530271   8.166607  5.410
 79    47.535 54987.08957523  7.70 296.529531   8.169917  5.410
 80    66.127 55022.08956474  3.26 296.536968   8.157202  2.891
 80    55.312 55022.08956538  6.06 296.536238   8.160512  2.891
 80    50.212 55022.08956603  8.74 296.535498   8.163812  2.891
 80    50.828 55022.08956667  9.62 296.534768   8.167122  2.891
 80    55.201 55022.08956731  9.53 296.534028   8.170422  2.891
 80    58.360 55022.08956796  9.50 296.533288   8.173732  2.891
 81    62.458 55057.08956077  1.56 296.536637   8.154369  7.726
 81    45.015 55057.08956142  6.45 296.535897   8.157669  7.726
 81    44.419 55057.08956206  8.34 296.535167   8.160979  7.726
 81    46.515 55057.08956271  8.90 296.534427   8.164279  7.726
 81    48.403 55057.08956335  9.12 296.533697   8.167589  7.726
 81    50.542 55057.08956400  9.27 296.532957   8.170889  7.726
 82    45.282 55092.08951743  3.23 296.536058   8.154594  8.478
 82    41.694 55092.08951808  4.57 296.535318   8.157904  8.478
 82    42.613 55092.08951872  5.36 296.534578   8.161204  8.478
 82    45.368 55092.08951937  4.97 296.533848   8.164514  8.478
 82    14.168 55092.08952066 20.03 296.532378   8.171124  8.478
 83    43.702 55127.08950038  4.02 296.535783   8.156003  5.628
 83    43.872 55127.08950103  3.88 296.535053   8.159313  5.628
 83    47.593 55127.08950167  3.63 296.534313   8.162613  5.628
 83    47.224 55127.08950232  3.77 296.533583   8.165923  5.628
 83    12.253 55127.08950361 16.69 296.532103   8.172533  5.628
 84    43.993 55162.08947839  3.34 296.535991   8.155091  6.547
 84    42.641 55162.08947904  3.26 296.535251   8.158401  6.547
 84    47.826 55162.08947968  3.50 296.534511   8.161701  6.547
 84    46.454 55162.08948033  3.44 296.533781   8.165011  6.547
 84    44.262 55162.08948097  7.94 296.533041   8.168311  6.547
 85    45.210 55197.08949140  2.84 296.534963   8.154571  5.257
 85    44.498 55197.08949204  3.48 296.534233   8.157881  5.257
 85    45.977 55197.08949269  3.81 296.533493   8.161181  5.257
 85    45.830 55197.08949333  3.93 296.532763   8.164491  5.257
 85    48.939 55197.08949398  3.58 296.532023   8.167791  5.257
 85    46.530 55197.08949462 10.12 296.531283   8.171101  5.257
 86    60.844 55232.08948179  2.10 296.536195   8.152825  5.381
 86    43.785 55232.08948244  3.44 296.535455   8.156135  5.381
 86    41.815 55232.08948308  3.66 296.534715   8.159435  5.381
 86    47.743 55232.08948373  3.53 296.533985   8.162745  5.381
 86    47.664 55232.08948437  3.65 296.533245   8.166045  5.381
 86    49.382 55232.08948502  4.55 296.532515   8.169355  5.381
 86    22.733 55232.08948566 10.96 296.531775   8.172655  5.381
 87    45.850 55267.08948548  2.46 296.536495   8.153294  5.794
 87    42.747 55267.08948612  3.74 296.535755   8.156594  5.794
 87    44.066 55267.08948677  3.63 296.535025   8.159904  5.794
 87    46.449 55267.08948741  3.40 296.534285   8.163204  5.794
 87    48.153 55267.08948806  3.54 296.533555   8.166514  5.794
 87    49.125 55267.08948870  6.66 296.532815   8.169814  5.794
 88    66.999 55302.08946337  1.65 296.537388   8.156442  2.649
 88    53.488 55302.08946402  6.35 296.536648   8.159752  2.649
 88    50.724 55302.08946466  7.93 296.535908   8.163052  2.649
 88    51.214 55302.08946531  8.98 296.535178   8.166362  2.649
 88    54.772 55302.08946595  8.35 296.534438   8.169662  2.649
 88    56.164 55302.08946660  8.15 296.533708   8.172972  2.649
 89    60.227 55337.08946090  1.06 296.535839   8.153271  2.705
 89    44.606 55337.08946154  3.69 296.535099   8.156581  2.705
 89    43.319 55337.08946219  4.32 296.534369   8.159881  2.705
 89    47.310 55337.08946283  4.13 296.533629   8.163191  2.705
 89    47.044 55337.08946348  3.95 296.532889   8.166491  2.705
 89    50.152 55337.08946412  4.19 296.532159   8.169801  2.705
 90    61.033 55372.08945065  2.23 296.536901   8.155774 11.279
 90    41.422 55372.08945129  7.93 296.536161   8.159074 11.279
 90    41.904 55372.08945193  9.81 296.535431   8.162384 11.279
 90    44.287 55372.08945258  9.98 296.534691   8.165684 11.279
 90    47.303 55372.08945322  9.63 296.533961   8.168994 11.279
 91    62.504 55407.08947034  0.71 296.537368   8.153682  8.717
 91    37.405 55407.08947163 11.19 296.535898   8.160292  8.717
 91    38.603 55407.08947228 12.17 296.535158   8.163592  8.717
 91    37.401 55407.08947292 15.40 296.534428   8.166902  8.717
 91    16.779 55407.08947421 40.76 296.532948   8.173512  8.717
 92    40.989 55442.08947063  5.09 296.535987   8.158005  7.994
 92    42.964 55442.08947127  5.44 296.535257   8.161315  7.994
 92    46.253 55442.08947192  5.46 296.534517   8.164615  7.994
 92    17.130 55442.08947320 28.99 296.533047   8.171225  7.994
 93    59.554 55477.08941112  1.50 296.537886   8.156021  9.567
 93    43.427 55477.08941176  4.97 296.537146   8.159331  9.567
 93    44.081 55477.08941241  6.10 296.536406   8.162631  9.567
 93    46.888 55477.08941305  6.18 296.535676   8.165941  9.567
 93    49.643 55477.08941370  6.21 296.534936   8.169241  9.567
