#    0.000   0.000   0.000 ;Mean Elev.(m), Avg Gradient(m/km), RMS Gradient(m/km) - SRTM1     
#    0.000   0.000   0.000 ;Mean Elev.(m), Avg Gradient(m/km), RMS Gradient(m/km) - ASTER GDEM
#   79.253   0.002  11.801 ;Mean Elev.(m), Avg Gradient(m/km), RMS Gradient(m/km) - GMTED2010 
  8 292.160498   4.503022    84.295    84.235  3 52499.60704690 42.744
  9 292.158329   4.504824    82.927    82.925  3 52534.60703426 31.062
 10 292.160947   4.504192    77.490    77.445  3 52569.60706417 24.983
 11 292.158445   4.504014    79.389    79.352  3 52604.60704559 24.254
 12 292.158742   4.505009    75.618    75.634  3 52639.60702769 32.236
 13 292.159741   4.502862    72.188    72.133  3 52674.60702321 34.986
 14 292.160044   4.505414    71.806    71.777  3 52709.60703920 48.332
 16 292.159343   4.504326    80.793    80.782  3 52779.60700371 23.544
 17 292.157928   4.505274    82.453    82.454  3 52814.60708730 39.831
 18 292.160189   4.503104    84.133    84.128  3 52849.60714030 37.506
 19 292.157006   4.505140    83.685    83.692  3 52884.60717539 35.169
 20 292.160439   4.503296    81.609    81.589  3 52919.60713199 31.811
 21 292.165263   4.500867    79.996    79.897  3 52954.60709587 17.454
 22 292.168061   4.500695    77.455    77.492  3 52989.60710604 25.162
 23 292.166894   4.501111    73.727    73.727  2 53024.60708595 20.445
 24 292.168464   4.500303    71.613    71.613  2 53059.60708464 39.531
 25 292.154222   4.509649    73.901    72.405  3 53094.60712048 24.456
 26 292.165963   4.501841    77.145    77.111  3 53129.60709317 28.665
 28 292.160208   4.503282    83.390    83.397  3 53199.60716369 29.600
 29 292.167953   4.500848    83.520    83.537  3 53234.60713384 27.459
 30 292.160202   4.503775    82.292    82.292  2 53269.60709846 25.390
 31 292.154225   4.509003    80.110    79.258  4 53304.60715942 24.006
 32 292.159590   4.504826    78.251    78.276  3 53339.60712877 18.448
 33 292.162366   4.502824    74.894    74.894  2 53374.60706054 29.821
 34 292.162717   4.501012    73.293    73.293  2 53409.60710342 31.155
 35 292.160102   4.503979    73.523    73.517  3 53444.60708611 43.250
 36 292.155351   4.508080    77.887    77.913  4 53479.60716447 35.736
 37 292.160176   4.503673    80.628    80.628  2 53514.60717218 23.640
 38 292.155548   4.507528    81.947    81.913  3 53549.60719093 29.021
 39 292.161245   4.501771    82.529    82.547  3 53584.60715418 28.095
 40 292.157330   4.506290    82.382    82.354  4 53619.60711004 28.201
 41 292.159763   4.504696    77.386    77.374  3 53654.60713688 31.538
 42 292.157777   4.505575    78.898    78.908  4 53689.60713171 30.351
 43 292.161998   4.502425    76.551    76.548  3 53724.60705656 26.370
 44 292.167392   4.500119    75.367    75.423  3 53759.60699963 23.233
 45 292.163599   4.502366    73.865    73.845  3 53794.60701809 23.254
 46 292.164087   4.501569    78.149    78.148  3 53829.60699426 13.435
 47 292.157861   4.504057    79.992    78.805  3 53864.60707312 22.058
 48 292.160169   4.503660    81.514    81.514  2 53899.60709862 28.885
 49 292.152362   4.513009    83.123    83.126  4 53934.60714058 27.822
 50 292.155842   4.507694    83.485    83.480  4 53969.60711173 31.142
 51 292.162950   4.500866    81.046    81.046  2 54004.60708683 28.616
 52 292.163541   4.502264    79.370    79.370  2 54039.60711910 23.789
 53 292.161272   4.504211    78.848    78.866  3 54074.60711330 24.293
 54 292.158755   4.503607    76.381    75.511  3 54109.60705793 25.999
 55 292.160382   4.503443    72.505    72.505  2 54144.60705136 31.811
 56 292.159537   4.505555    72.099    71.913  3 54179.60704281 25.203
 57 292.159882   4.505121    77.430    77.144  3 54214.60705848 25.504
 58 292.159634   4.502774    80.703    80.696  3 54249.60708645 25.989
 59 292.161188   4.502934    83.639    83.638  3 54284.60709438 45.531
 60 292.161872   4.503416    83.399    83.395  3 54319.60709153 33.472
 61 292.161047   4.503429    82.262    82.262  2 54354.60705441 26.000
 62 292.161509   4.503934    81.018    80.999  3 54389.60703192 25.417
 63 292.160242   4.502845    78.549    78.477  3 54424.60700477 20.331
 64 292.161443   4.502108    76.274    76.274  2 54459.60700781 26.049
 65 292.161203   4.503252    77.817    77.895  3 54494.60700970 15.062
 66 292.162292   4.501556    73.205    73.205  2 54529.60702069 41.608
 67 292.160415   4.505129    72.922    72.805  3 54564.60701564 33.670
 68 292.160305   4.502818    77.692    77.343  3 54599.60701574 24.680
 69 292.159051   4.503457    81.391    81.426  3 54634.60702854 29.147
 70 292.159407   4.503982    83.778    83.871  3 54669.60703276 31.957
 71 292.161610   4.503013    83.295    83.295  2 54704.60699612 26.249
 72 292.160893   4.503067    80.176    80.175  3 54739.60699597 22.731
 73 292.161294   4.502604    79.034    79.034  2 54774.60697795 18.128
 74 292.160246   4.502146    78.976    78.994  3 54809.60698931 19.700
 75 292.160455   4.503648    77.211    77.211  2 54844.60697598 19.860
 76 292.159154   4.503600    74.828    74.879  3 54879.60699288 34.859
 77 292.158489   4.504733    75.462    74.438  4 54914.60697954 23.171
 79 292.159037   4.505818    77.927    77.833  3 54984.60700951 19.666
 80 292.161094   4.502044    81.775    81.738  3 55019.60700580 27.068
 81 292.161369   4.502879    82.728    82.728  2 55054.60700155 25.813
 82 292.159341   4.503127    80.985    80.994  3 55089.60696205 26.293
 83 292.161375   4.502911    78.466    78.466  2 55124.60693966 24.464
 84 292.159530   4.504183    75.215    75.305  3 55159.60692289 32.467
 85 292.160377   4.502479    78.515    78.533  3 55194.60692962 17.021
 86 292.159071   4.503684    71.850    71.851  3 55229.60692571 24.003
 87 292.161230   4.503761    71.954    71.999  3 55264.60692460 46.073
 88 292.160927   4.503719    74.932    74.961  3 55299.60690744 26.503
 89 292.159346   4.502922    81.082    81.089  3 55334.60690189 27.468
 90 292.160919   4.502806    82.401    82.368  3 55369.60689307 34.078
 91 292.161659   4.503184    82.872    82.872  2 55404.60690981 27.615
 92 292.161428   4.502382    83.205    83.205  2 55439.60691124 27.679
 93 292.161043   4.503676    79.432    79.462  3 55474.60685722 21.718
