#    0.000   0.000   0.000 ;Mean Elev.(m), Avg Gradient(m/km), RMS Gradient(m/km) - SRTM1     
#    0.000   0.000   0.000 ;Mean Elev.(m), Avg Gradient(m/km), RMS Gradient(m/km) - ASTER GDEM
#   20.750  -2.243   5.705 ;Mean Elev.(m), Avg Gradient(m/km), RMS Gradient(m/km) - GMTED2010 
  8    30.681 52489.09554429 37.51 294.436607   7.917895 21.660
  8    30.763 52489.09554493 36.78 294.435867   7.921205 21.660
  8    30.877 52489.09554558 36.57 294.435137   7.924505 21.660
  9    30.678 52524.09552079 38.07 294.432276   7.921994 40.769
  9    30.780 52524.09552144 38.58 294.431546   7.925304 40.769
 10    27.528 52559.09557012 23.80 294.428741   7.919922 29.313
 10    27.706 52559.09557077 24.88 294.428011   7.923232 29.313
 11    24.921 52594.09557312 26.15 294.425802   7.921686 27.076
 11    25.152 52594.09557377 38.33 294.425062   7.924986 27.076
 12    22.132 52629.09549944 27.62 294.436838   7.917793 26.354
 12    21.824 52629.09550009 26.93 294.436108   7.921093 26.354
 12    21.799 52629.09550073 39.02 294.435368   7.924403 26.354
 13    19.713 52664.09553487 23.96 294.430223   7.921801 20.137
 13    20.261 52664.09553551 25.27 294.429483   7.925101 20.137
 14    23.200 52699.09550876 17.08 294.436760   7.918276 20.077
 14    23.836 52699.09550940 19.29 294.436030   7.921586 20.077
 15    16.765 52734.09553358 24.68 294.440699   7.914517 11.824
 15    16.673 52734.09553423 21.19 294.439959   7.917827 11.824
 15    23.041 52734.09553487 19.58 294.439229   7.921127 11.824
 15    23.347 52734.09553552 21.53 294.438489   7.924437 11.824
 17    26.440 52804.09556035 41.31 294.430201   7.922173 21.249
 17    26.459 52804.09556099 47.85 294.429471   7.925473 21.249
 18    29.280 52839.09562252 45.47 294.433291   7.920205 28.518
 18    29.048 52839.09562316 46.18 294.432561   7.923505 28.518
 19    30.819 52874.09566223 42.60 294.432362   7.921383 40.172
 19    30.665 52874.09566287 52.00 294.431632   7.924683 40.172
 21    27.465 52944.09557211 25.38 294.439778   7.915559 31.781
 21    27.365 52944.09557276 27.18 294.439048   7.918859 31.781
 21    27.606 52944.09557340 31.00 294.438308   7.922169 31.781
 22    25.521 52979.09562748 23.16 294.433009   7.919419 30.025
 22    25.207 52979.09562813 23.48 294.432279   7.922719 30.025
 22    26.907 52979.09562877 30.45 294.431539   7.926029 30.025
 23    22.442 53014.09562625 31.15 294.429887   7.922040 30.670
 23    22.407 53014.09562689 41.43 294.429157   7.925350 30.670
 24    18.533 53049.09559818 27.29 294.431716   7.921823 17.565
 24    17.737 53049.09559882 34.58 294.430976   7.925123 17.565
 25    17.910 53084.09563347 47.61 294.425373   7.920652 24.795
 25    18.448 53084.09563412 48.91 294.424633   7.923952 24.795
 26    19.309 53119.09560410 29.19 294.427993   7.922433 21.100
 26    18.894 53119.09560475 41.89 294.427253   7.925743 21.100
 27    25.954 53154.09565577 40.62 294.425865   7.921423 29.473
 27    25.885 53154.09565642 44.73 294.425135   7.924723 29.473
 28    28.221 53189.09564325 28.99 294.439744   7.914711 26.799
 28    28.070 53189.09564390 30.60 294.439004   7.918011 26.799
 28    28.553 53189.09564454 28.12 294.438274   7.921321 26.799
 28    28.906 53189.09564519 32.04 294.437534   7.924621 26.799
 29    30.973 53224.09565796 44.37 294.435613   7.917264 41.709
 29    30.582 53224.09565861 53.45 294.434873   7.920564 41.709
 29    30.570 53224.09565925 51.30 294.434143   7.923874 41.709
 30    29.954 53259.09563391 26.60 294.428757   7.920755 33.252
 30    30.043 53259.09563456 29.23 294.428027   7.924065 33.252
 31    28.301 53294.09565881 23.24 294.423374   7.921852 26.685
 31    28.656 53294.09565945 36.18 294.422644   7.925152 26.685
 32    24.896 53329.09563106 26.61 294.434451   7.917962 22.845
 32    25.018 53329.09563170 24.05 294.433711   7.921262 22.845
 32    26.917 53329.09563235 26.69 294.432971   7.924572 22.845
 33    23.334 53364.09558270 20.23 294.437190   7.918379 25.825
 33    24.426 53364.09558334 19.40 294.436450   7.921679 25.825
 33    24.915 53364.09558399 34.65 294.435720   7.924989 25.825
 35    18.456 53434.09559734 46.18 294.435220   7.921128 23.319
 35    19.274 53434.09559798 44.96 294.434480   7.924428 23.319
 36    20.049 53469.09563952 18.06 294.429574   7.922342 10.091
 36    20.226 53469.09564016 23.37 294.428834   7.925652 10.091
 37    24.387 53504.09568412 48.57 294.427354   7.921265 32.737
 37    24.226 53504.09568476 49.61 294.426614   7.924565 32.737
 38    27.063 53539.09568208 49.07 294.430525   7.922172 34.031
 38    26.977 53539.09568273 50.73 294.429795   7.925472 34.031
 39    28.158 53574.09567938 44.09 294.428998   7.920055 39.774
 39    27.936 53574.09568003 46.85 294.428268   7.923365 39.774
 40    29.008 53609.09562929 29.01 294.431844   7.920541 29.502
 40    29.268 53609.09562993 28.60 294.431114   7.923851 29.502
 41    27.846 53644.09563220 48.17 294.430245   7.923085 37.307
 41    27.846 53644.09563285 48.78 294.429505   7.926395 37.307
 42    23.954 53679.09564966 18.21 294.426990   7.921397 21.117
 42    25.859 53679.09565030 24.22 294.426250   7.924697 21.117
 43    24.548 53714.09557686 21.92 294.437215   7.917040 23.726
 43    23.894 53714.09557751 23.24 294.436475   7.920340 23.726
 43    25.469 53714.09557815 23.59 294.435745   7.923650 23.726
 44    19.856 53749.09549177 52.26 294.437040   7.917316 28.156
 44    20.318 53749.09549241 48.96 294.436310   7.920626 28.156
 44    19.899 53749.09549306 50.38 294.435570   7.923926 28.156
 45    21.037 53784.09552218 25.54 294.437474   7.916344 19.665
 45    21.446 53784.09552283 23.90 294.436734   7.919644 19.665
 45    20.730 53784.09552347 27.76 294.436004   7.922954 19.665
 46    19.692 53819.09548383 45.32 294.437400   7.917659 34.396
 46    19.824 53819.09548448 45.03 294.436670   7.920969 34.396
 46    19.976 53819.09548512 46.03 294.435930   7.924269 34.396
 48    25.613 53889.09557158 25.53 294.440744   7.915003 23.102
 48    25.395 53889.09557223 25.71 294.440004   7.918303 23.102
 48    25.210 53889.09557287 23.54 294.439264   7.921613 23.102
 48    25.490 53889.09557351 24.49 294.438534   7.924913 23.102
 49    28.737 53924.09564079 29.37 294.421911   7.920929 34.664
 49    28.698 53924.09564143 38.28 294.421181   7.924239 34.664
 50    30.646 53959.09563125 29.21 294.425623   7.919360 34.609
 50    30.518 53959.09563190 27.28 294.424893   7.922670 34.609
 50    31.125 53959.09563254 37.56 294.424153   7.925970 34.609
 51    29.261 53994.09556190 31.58 294.434282   7.919353 29.584
 51    29.147 53994.09556254 30.61 294.433552   7.922663 29.584
 51    29.650 53994.09556319 30.40 294.432812   7.925963 29.584
 52    26.176 54029.09562131 26.33 294.433646   7.920364 29.905
 52    26.351 54029.09562195 38.27 294.432906   7.923664 29.905
 53    25.201 54064.09561361 44.93 294.437568   7.915670 39.614
 53    25.314 54064.09561425 48.07 294.436828   7.918970 39.614
 53    25.406 54064.09561490 48.12 294.436098   7.922280 39.614
 53    25.814 54064.09561554 47.48 294.435358   7.925580 39.614
 54    21.855 54099.09558110 47.05 294.433146   7.919406 31.037
 54    22.006 54099.09558174 48.37 294.432406   7.922706 31.037
 54    21.880 54099.09558239 46.03 294.431676   7.926016 31.037
 55    19.582 54134.09553926 47.99 294.432055   7.920181 26.114
 55    18.949 54134.09553991 48.49 294.431325   7.923491 26.114
 58    23.485 54239.09557825 22.11 294.432838   7.921285 20.378
 58    23.779 54239.09557890 23.38 294.432098   7.924595 20.378
 59    26.051 54274.09559545 25.73 294.433178   7.919781 31.295
 59    26.387 54274.09559610 25.61 294.432448   7.923081 31.295
 60    30.421 54309.09559682 33.49 294.433140   7.919951 41.064
 60    30.122 54309.09559747 31.69 294.432400   7.923261 41.064
 61    30.398 54344.09557377 48.52 294.434891   7.918634 40.066
 61    30.263 54344.09557442 47.87 294.434161   7.921934 40.066
 61    30.215 54344.09557506 46.99 294.433421   7.925244 40.066
 62    28.867 54379.09553288 40.22 294.432041   7.921368 36.535
 62    28.780 54379.09553352 44.05 294.431301   7.924668 36.535
 63    26.657 54414.09552179 34.31 294.432969   7.919421 26.757
 63    26.757 54414.09552244 46.65 294.432234   7.922720 29.325
 63    27.213 54414.09552308 47.11 294.431494   7.926030 29.325
 64    22.452 54449.09549950 38.35 294.431728   7.920730 28.811
 64    22.173 54449.09550014 44.24 294.430988   7.924030 28.811
 65    20.831 54484.09551602 20.99 294.434467   7.919691 20.290
 65    25.284 54484.09551666 22.20 294.433727   7.923001 20.290
 66    18.117 54519.09551304 39.01 294.433149   7.920811 17.262
 66    18.406 54519.09551368 45.24 294.432409   7.924121 17.262
 67    19.634 54554.09552760 20.78 294.433284   7.918617 14.643
 67    23.864 54554.09552825 19.00 294.432554   7.921927 14.643
 67    23.704 54554.09552889 22.46 294.431814   7.925227 14.643
 69    24.575 54624.09552670 50.40 294.432301   7.920997 26.954
 69    24.655 54624.09552734 51.77 294.431561   7.924307 26.954
 70    28.061 54659.09553535 43.16 294.430346   7.921526 26.623
 70    28.098 54659.09553600 46.89 294.429616   7.924836 26.623
 71    30.037 54694.09551519 30.56 294.433751   7.918427 29.278
 71    29.775 54694.09551584 28.39 294.433011   7.921727 29.278
 71    30.156 54694.09551648 31.62 294.432281   7.925037 29.278
 72    29.150 54729.09548965 43.08 294.432556   7.920516 36.870
 72    29.102 54729.09549030 46.00 294.431816   7.923826 36.870
 73    25.659 54764.09549343 25.88 294.431973   7.921868 23.643
 73    27.455 54764.09549407 29.32 294.431233   7.925168 23.643
 74    24.429 54799.09548252 22.63 294.431037   7.920962 23.269
 74    26.995 54799.09548317 22.47 294.430297   7.924272 23.269
 75    21.603 54834.09548419 30.62 294.432175   7.920793 21.126
 75    21.593 54834.09548484 41.24 294.431445   7.924093 21.126
 76    20.270 54869.09547931 20.41 294.432724   7.919399 13.653
 76    20.668 54869.09547996 21.08 294.431984   7.922709 13.653
 76    20.932 54869.09548060 26.60 294.431244   7.926009 13.653
 77    20.535 54904.09549329 20.93 294.430848   7.921866 17.897
 77    20.578 54904.09549393 22.10 294.430108   7.925166 17.897
 78    20.350 54939.09547053 23.77 294.432204   7.920194 16.309
 78    19.764 54939.09547117 28.35 294.431464   7.923500 19.386
 79    21.971 54974.09550222 50.60 294.431306   7.922095 30.319
 79    22.017 54974.09550287 50.48 294.430576   7.925395 30.319
 80    24.279 55009.09551537 21.89 294.431562   7.920390 14.659
 80    24.700 55009.09551601 20.30 294.430822   7.923690 14.659
 81    28.520 55044.09550515 43.99 294.432993   7.919802 31.124
 81    28.544 55044.09550579 45.13 294.432263   7.923102 31.124
 82    28.842 55079.09548206 48.86 294.433491   7.919137 36.520
 82    28.819 55079.09548270 49.11 294.432761   7.922447 36.520
 82    28.742 55079.09548335 50.87 294.432021   7.925747 36.520
 83    25.383 55114.09543741 24.44 294.432786   7.919760 22.912
 83    26.860 55114.09543805 23.70 294.432046   7.923070 22.912
 84    26.835 55149.09543769 16.85 294.431195   7.921714 19.494
 84    26.980 55149.09543834 20.47 294.430465   7.925014 19.494
 85    19.498 55184.09542082 41.91 294.430993   7.922921 25.827
 85    19.491 55184.09542147 45.12 294.430253   7.926221 25.827
 86    17.837 55219.09543569 47.66 294.431628   7.920804 22.872
 86    17.095 55219.09543633 48.23 294.430898   7.924104 22.872
 87    16.056 55254.09541594 47.34 294.433539   7.920562 17.631
 87    17.003 55254.09541659 47.04 294.432799   7.923872 17.631
 89    24.068 55324.09540406 31.08 294.430362   7.920910 24.067
 89    23.904 55324.09540470 43.85 294.429622   7.924220 24.067
 90    26.918 55359.09540227 26.34 294.431247   7.922719 25.481
 90    27.236 55359.09540292 31.54 294.430507   7.926029 25.481
 91    29.884 55394.09540576 32.45 294.431634   7.921207 27.267
 91    29.963 55394.09540640 42.65 294.430894   7.924517 27.267
 92    31.044 55429.09541770 49.34 294.433292   7.920836 41.823
 92    31.081 55429.09541835 46.50 294.432562   7.924136 41.823
 93    29.811 55464.09537974 33.99 294.435888   7.916930 37.166
 93    29.402 55464.09538038 37.68 294.435148   7.920230 37.166
 93    29.364 55464.09538102 48.28 294.434418   7.923540 37.166
