#    0.000   0.000   0.000 ;Mean Elev.(m), Avg Gradient(m/km), RMS Gradient(m/km) - SRTM1     
#    0.000   0.000   0.000 ;Mean Elev.(m), Avg Gradient(m/km), RMS Gradient(m/km) - ASTER GDEM
#    8.297  -2.444  19.230 ;Mean Elev.(m), Avg Gradient(m/km), RMS Gradient(m/km) - GMTED2010 
  7 297.200516   8.348187    76.520    77.202 10 52448.08767799  9.133
  8 297.210060   8.338914   111.492   111.542  5 52483.08766453  3.915
  9 297.213319   8.349021    23.935    23.613 11 52518.08762371 23.727
 11 297.212851   8.351597    95.428    95.817 11 52588.08765401  3.736
 12 297.212940   8.346479    27.325    27.586  9 52623.08760935 23.785
 13 297.215127   8.339840    30.260    30.360  4 52658.08762300 27.521
 15 297.211437   8.358255    47.355    46.065 14 52728.08764838 18.750
 16 297.204305   8.340612    97.314    97.314  2 52763.08765822 20.193
 17 297.216027   8.347335    26.426    27.447  9 52798.08762954 20.427
 18 297.212898   8.359199    20.659    20.866 15 52833.08770262 21.487
 19 297.214080   8.364288    38.157    18.935 14 52868.08774602 21.391
 20 297.209310   8.354527    66.563    69.849 11 52903.08776017 20.384
 21 297.211852   8.346342    39.415    28.428  9 52938.08769613 24.555
 22 297.208324   8.350832    26.045    26.187 11 52973.08773079 21.760
 24 297.207316   8.348859    27.584    27.508 10 53043.08769637 23.448
 25 297.204926   8.355581    23.946    23.946  2 53078.08773069 21.728
 27 297.206945   8.346923    51.945    48.170  9 53148.08774444 23.685
 28 297.217407   8.344094    31.206    32.347  7 53183.08774309 23.868
 29 297.208892   8.354545    23.810    23.813 13 53218.08776936 25.415
 30 297.207069   8.351558    26.124    26.725 13 53253.08774654 23.808
 31 297.201198   8.357777    22.331    22.422  6 53288.08774868 22.493
 32 297.214716   8.362911    19.695    18.190 14 53323.08772504 22.657
 33 297.216634   8.350464    28.142    28.388  8 53358.08768728 23.288
 34 297.207847   8.353666    87.491    87.295 13 53393.08770384  5.794
 35 297.217202   8.340216    34.073    34.168  5 53428.08769553 25.497
 36 297.212337   8.352532    91.951    91.959 12 53463.08771667  3.767
 37 297.206217   8.335090    34.818    35.201  3 53498.08778486 22.790
 38 297.212659   8.356155    71.945    74.789 14 53533.08777110 18.782
 39 297.204608   8.350589    27.444    28.642 12 53568.08778873 20.327
 40 297.211631   8.355793    23.432    24.223 14 53603.08773478 22.425
 41 297.206508   8.349807    27.360    29.075 12 53638.08773203 19.401
 43 297.216944   8.351222    26.805    26.724 10 53708.08768369 16.073
 44 297.213448   8.359583    15.165    16.321 15 53743.08759644 27.870
 45 297.214639   8.354475    18.030    17.054 12 53778.08762232 24.272
 46 297.214067   8.352903    95.417    93.399 11 53813.08759734  3.177
 47 297.206245   8.352398    27.716    27.362 13 53848.08765343 18.996
 49 297.200970   8.356800    29.761    31.592  7 53918.08773611 16.556
 50 297.200357   8.355696    33.096    28.336  6 53953.08773907 20.840
 52 297.209950   8.353806    31.158    34.445 14 54023.08771813 18.690
 53 297.216084   8.358887    93.080    89.845 12 54058.08771095  2.741
 54 297.210419   8.356925    26.651    26.753 14 54093.08769129 20.460
 55 297.210819   8.351352    92.288    91.914 12 54128.08762772  4.180
 56 297.209385   8.351849    24.170    23.496 12 54163.08766017 21.488
 57 297.210089   8.351694    91.356    91.514 12 54198.08762989  4.044
 58 297.210782   8.352252    89.440    90.530 12 54233.08767391  5.267
 59 297.210373   8.355769    84.048    85.059 14 54268.08769367  6.947
 60 297.210594   8.356666    84.656    85.278 15 54303.08769731  5.298
 61 297.211050   8.354494    22.132    22.578 13 54338.08768235 24.261
 62 297.211113   8.352111    25.669    26.701 12 54373.08762963 19.954
 63 297.210404   8.350612    28.843    28.452 11 54408.08762694 16.992
 64 297.209890   8.355290    86.025    86.566 14 54443.08759071  5.393
 65 297.212069   8.350701    94.335    94.219 12 54478.08761622  3.812
 66 297.211203   8.351095    92.955    92.846 12 54513.08760496  4.634
 67 297.211043   8.351551    93.160    93.402 12 54548.08763010  3.398
 68 297.212209   8.349057    95.847    95.491 11 54583.08760071  4.612
 69 297.210323   8.355271    19.574    18.937 14 54618.08762245 20.426
 70 297.208535   8.354533    26.320    28.066 13 54653.08763399 15.732
 71 297.209587   8.356585    16.725    13.534 13 54688.08762388 21.016
 72 297.209491   8.358069    18.991    19.806 13 54723.08758247 19.739
 73 297.208590   8.358866    22.303    22.550 12 54758.08759976 19.089
 74 297.209012   8.351288    91.051    91.147 12 54793.08757383  4.843
 75 297.210079   8.354575    87.250    87.468 14 54828.08759727  5.550
 76 297.210530   8.352793    89.811    89.852 12 54863.08756872  5.335
 77 297.209501   8.351919    91.576    91.488 12 54898.08759633  3.568
 78 297.210404   8.347876    28.172    31.176  9 54933.08756246 21.109
 79 297.210498   8.351662    92.062    92.080 11 54968.08759818  3.580
 80 297.208749   8.346757    34.208    32.982 10 55003.08761683 16.226
 81 297.211693   8.352682    29.357    29.060 13 55038.08760443 16.480
 82 297.210790   8.351321    22.117    23.972 11 55073.08759018 18.570
 83 297.207731   8.360450    78.039    75.156 11 55108.08753840 10.529
 84 297.209310   8.353328    28.696    29.360 13 55143.08754127 15.604
 85 297.210959   8.350962    23.046    29.017 11 55178.08750862 21.032
 86 297.210424   8.351754    92.001    91.401 12 55213.08753594  4.087
 87 297.211209   8.351300    92.912    92.976 12 55248.08750921  4.761
 88 297.210511   8.349010    20.053    19.843 10 55283.08752888 23.345
 89 297.209307   8.351059    92.778    92.758 12 55318.08749976  4.229
 90 297.210407   8.352009     8.129     8.005 13 55353.08750256 28.382
 91 297.208200   8.353897    24.135    25.946 13 55388.08749984 21.711
 92 297.210815   8.354878    13.286    13.192 14 55423.08752071 31.675
 93 297.208054   8.368030    14.445    11.233  8 55458.08749563 28.084
