#    0.000   0.000   0.000 ;Mean Elev.(m), Avg Gradient(m/km), RMS Gradient(m/km) - SRTM1     
#    0.000   0.000   0.000 ;Mean Elev.(m), Avg Gradient(m/km), RMS Gradient(m/km) - ASTER GDEM
#   22.521  -0.514   2.937 ;Mean Elev.(m), Avg Gradient(m/km), RMS Gradient(m/km) - GMTED2010 
  7    32.720 52445.60449118 32.97 293.537542   7.526509 16.607
  7    32.837 52445.60449182 30.41 293.536812   7.523209 16.607
  7    32.594 52445.60449247 30.02 293.536072   7.519899 16.607
  7    32.307 52445.60449311 28.87 293.535342   7.516589 16.607
  7    31.996 52445.60449376 28.64 293.534602   7.513289 16.607
  7    31.689 52445.60449440 30.51 293.533872   7.509979 16.607
  7    32.438 52445.60449505 28.00 293.533132   7.506679 16.607
  7    32.857 52445.60449569 28.53 293.532402   7.503369 16.607
  7    33.066 52445.60449634 40.96 293.531662   7.500069 16.607
  8    35.743 52480.60448127 47.90 293.545189   7.535178 19.501
  8    35.649 52480.60448191 47.62 293.544449   7.531878 19.501
  8    35.824 52480.60448256 46.09 293.543719   7.528568 19.501
  8    35.907 52480.60448320 46.08 293.542982   7.525261 29.794
  8    35.925 52480.60448385 46.89 293.542252   7.521961 29.794
  8    35.951 52480.60448449 47.98 293.541512   7.518651 29.794
  8    35.992 52480.60448514 48.47 293.540782   7.515351 29.794
  8    35.958 52480.60448578 47.76 293.540042   7.512041 29.794
  8    35.979 52480.60448643 42.76 293.539312   7.508731 29.794
 10    33.706 52550.60447782 31.19 293.546129   7.536789 12.250
 10    33.822 52550.60447846 33.33 293.545389   7.533489 12.250
 10    33.874 52550.60447911 34.12 293.544659   7.530179 12.250
 10    33.829 52550.60447975 29.79 293.543919   7.526879 12.250
 10    33.456 52550.60448040 29.22 293.543189   7.523569 12.250
 10    33.363 52550.60448104 27.92 293.542449   7.520269 12.250
 10    33.515 52550.60448169 26.92 293.541719   7.516959 12.250
 10    33.878 52550.60448233 26.46 293.540979   7.513659 12.250
 10    33.958 52550.60448298 26.95 293.540249   7.510349 12.250
 12    29.504 52620.60443379 17.72 293.547054   7.535428  7.682
 12    29.344 52620.60443443 20.86 293.546314   7.532128  7.682
 12    29.285 52620.60443508 18.89 293.545584   7.528818  7.682
 12    29.427 52620.60443572 17.07 293.544854   7.525508  7.682
 12    29.677 52620.60443636 17.63 293.544114   7.522208  7.682
 12    29.923 52620.60443701 17.70 293.543384   7.518898  7.682
 12    30.097 52620.60443765 17.17 293.542644   7.515598  7.682
 12    30.135 52620.60443830 20.40 293.541913   7.512290 20.698
 12    30.199 52620.60443894 31.56 293.541173   7.508990 20.698
 15    26.669 52725.60446432 18.90 293.548366   7.522718 13.261
 15    25.553 52725.60446496 23.30 293.547636   7.519408 13.261
 15    27.172 52725.60446561 23.28 293.546896   7.516108 13.261
 16    27.285 52760.60448144 13.80 293.535756   7.524002 16.102
 16    27.117 52760.60448209 13.76 293.535024   7.520693 10.522
 16    27.057 52760.60448273 13.07 293.534284   7.517393 10.522
 16    27.060 52760.60448338 11.93 293.533554   7.514083 10.522
 16    27.220 52760.60448402 12.33 293.532814   7.510783 10.522
 16    27.615 52760.60448466 12.79 293.532084   7.507473 10.522
 16    27.302 52760.60448531 20.24 293.531354   7.504163 10.522
 16    27.822 52760.60448595 16.58 293.530614   7.500863 10.522
 16    28.428 52760.60448660 13.33 293.529884   7.497553 10.522
 20    34.960 52900.60457586 39.55 293.547940   7.533842 11.122
 20    35.003 52900.60457650 43.32 293.547210   7.530542 11.122
 20    35.002 52900.60457715 40.63 293.546480   7.527232 11.122
 20    34.728 52900.60457779 30.12 293.545740   7.523932 11.122
 20    34.665 52900.60457844 29.13 293.545005   7.520624 24.858
 20    34.900 52900.60457908 29.21 293.544265   7.517324 24.858
 20    35.098 52900.60457973 29.85 293.543535   7.514014 24.858
 20    35.137 52900.60458037 36.75 293.542805   7.510704 24.858
 21    33.161 52935.60451806 29.55 293.546639   7.533644 12.378
 21    33.213 52935.60451870 29.78 293.545909   7.530334 12.378
 21    32.996 52935.60451935 28.37 293.545179   7.527024 12.378
 21    32.774 52935.60451999 26.68 293.544439   7.523724 12.378
 21    32.944 52935.60452064 24.68 293.543709   7.520414 12.378
 21    33.226 52935.60452128 23.94 293.542969   7.517114 12.378
 21    33.254 52935.60452193 24.57 293.542238   7.513806 25.548
 21    33.388 52935.60452257 26.93 293.541498   7.510506 25.548
 22    31.663 52970.60454065 25.78 293.547512   7.526229 17.003
 22    31.499 52970.60454129 24.63 293.546772   7.522929 17.003
 22    32.121 52970.60454194 23.87 293.546042   7.519619 17.003
 22    32.006 52970.60454258 27.92 293.545302   7.516319 17.003
 22    31.915 52970.60454323 28.33 293.544572   7.513009 17.003
 23    29.802 53005.60455385 19.61 293.544147   7.537800 24.785
 23    29.643 53005.60455449 22.28 293.543407   7.534500 24.785
 23    30.154 53005.60455514 14.57 293.542677   7.531190 24.785
 23    30.033 53005.60455578 13.63 293.541939   7.527882 17.397
 23    30.156 53005.60455643 14.37 293.541209   7.524582 17.397
 23    30.317 53005.60455707 15.03 293.540469   7.521272 17.397
 23    29.919 53005.60455772 14.26 293.539739   7.517972 17.397
 23    29.514 53005.60455836 15.19 293.538999   7.514662 17.397
 23    29.803 53005.60455901 16.06 293.538269   7.511352 17.397
 23    29.665 53005.60455965 22.48 293.537529   7.508052 17.397
 23    29.618 53005.60456030 25.83 293.536799   7.504742 17.397
 24    26.762 53040.60450475 16.95 293.547806   7.534873  7.022
 24    27.136 53040.60450539 18.69 293.547080   7.531569 14.143
 24    26.147 53040.60450604 17.63 293.546340   7.528259 14.143
 24    26.386 53040.60450668 16.00 293.545600   7.524959 14.143
 24    25.676 53040.60450733 17.38 293.544870   7.521649 14.143
 24    27.613 53040.60450797 17.72 293.544130   7.518349 14.143
 24    28.163 53040.60450861 16.22 293.543400   7.515039 14.143
 24    28.160 53040.60450926 19.48 293.542660   7.511739 14.143
 25    26.610 53075.60453721 14.79 293.546273   7.536573  9.859
 25    26.196 53075.60453785 14.36 293.545533   7.533273  9.859
 25    25.838 53075.60453850 15.13 293.544803   7.529963  9.859
 25    25.739 53075.60453914 14.10 293.544063   7.526663  9.859
 25    25.771 53075.60453978 15.19 293.543333   7.523353  9.859
 25    26.433 53075.60454043 17.82 293.542593   7.520053  9.859
 25    27.085 53075.60454107 16.90 293.541863   7.516743  9.859
 25    27.437 53075.60454172 16.53 293.541123   7.513443  9.859
 25    27.877 53075.60454236 17.51 293.540393   7.510133  9.859
 26    26.099 53110.60450706 13.51 293.544820   7.535976  9.060
 26    25.666 53110.60450770 13.52 293.544080   7.532676  9.060
 26    25.338 53110.60450835 14.03 293.543350   7.529366  9.060
 26    25.333 53110.60450899 14.56 293.542610   7.526066  9.060
 26    25.426 53110.60450964 15.06 293.541880   7.522756  9.060
 26    26.298 53110.60451028 16.24 293.541140   7.519456  9.060
 26    26.627 53110.60451093 14.83 293.540410   7.516146  9.060
 26    27.419 53110.60451157 14.40 293.539670   7.512846  9.060
 26    27.545 53110.60451222 14.51 293.538940   7.509536  9.060
 26    29.035 53110.60451286 13.71 293.538200   7.506236  9.060
 27    30.517 53145.60454913 30.48 293.547626   7.535685 18.076
 27    30.329 53145.60454978 31.34 293.546896   7.532375 18.076
 27    30.319 53145.60455042 31.80 293.546156   7.529075 18.076
 27    30.202 53145.60455107 33.99 293.545426   7.525765 18.076
 27    30.331 53145.60455171 35.11 293.544686   7.522465 18.076
 27    30.321 53145.60455235 36.06 293.543956   7.519155 18.076
 27    30.454 53145.60455300 34.91 293.543216   7.515855 18.076
 27    30.588 53145.60455364 35.42 293.542486   7.512545 18.076
 29    35.557 53215.60458200 41.86 293.548064   7.534895 19.872
 29    35.557 53215.60458265 43.63 293.547324   7.531585 19.872
 29    35.559 53215.60458329 39.27 293.546594   7.528285 19.872
 29    35.784 53215.60458394 39.58 293.545857   7.524979 23.124
 29    35.766 53215.60458458 40.27 293.545127   7.521679 23.124
 29    35.728 53215.60458523 38.59 293.544387   7.518369 23.124
 29    35.686 53215.60458587 37.76 293.543657   7.515059 23.124
 29    35.671 53215.60458652 37.89 293.542917   7.511759 23.124
 30    35.353 53250.60455695 32.33 293.547293   7.536089 20.888
 30    35.467 53250.60455759 33.78 293.546553   7.532789 20.888
 30    35.537 53250.60455823 34.97 293.545823   7.529479 20.888
 30    35.194 53250.60455888 33.72 293.545083   7.526179 20.888
 30    35.181 53250.60455952 33.47 293.544353   7.522869 20.888
 30    35.251 53250.60456017 31.82 293.543613   7.519569 20.888
 30    35.459 53250.60456081 28.77 293.542883   7.516259 20.888
 30    35.715 53250.60456146 30.61 293.542143   7.512959 20.888
 30    35.779 53250.60456210 32.60 293.541413   7.509649 20.888
 31    34.192 53285.60455136 46.24 293.545220   7.535773 18.955
 31    34.164 53285.60455200 45.50 293.544490   7.532463 18.955
 31    34.214 53285.60455265 46.96 293.543750   7.529163 18.955
 31    34.322 53285.60455329 47.49 293.543010   7.525853 18.955
 31    34.319 53285.60455394 45.78 293.542276   7.522548 29.251
 31    34.236 53285.60455458 40.00 293.541546   7.519238 29.251
 31    34.230 53285.60455522 37.33 293.540806   7.515938 29.251
 31    34.295 53285.60455587 41.46 293.540076   7.512628 29.251
 31    34.355 53285.60455651 44.32 293.539336   7.509328 29.251
 34    26.218 53390.60451208 21.14 293.547523   7.525931  8.591
 34    26.040 53390.60451272 20.62 293.546793   7.522621  8.591
 34    26.034 53390.60451336 20.12 293.546049   7.519316 19.622
 34    28.590 53390.60451401 18.20 293.545319   7.516016 19.622
 34    28.662 53390.60451465 19.48 293.544579   7.512706 19.622
 37    29.449 53495.60459701 18.64 293.543150   7.537585 18.961
 37    29.408 53495.60459765 17.12 293.542420   7.534275 18.961
 37    29.458 53495.60459829 16.14 293.541680   7.530975 18.961
 37    29.320 53495.60459894 17.44 293.540950   7.527665 18.961
 37    29.484 53495.60459958 14.78 293.540210   7.524355 18.961
 37    29.403 53495.60460023 15.88 293.539480   7.521055 18.961
 37    29.525 53495.60460087 15.18 293.538741   7.517747 26.383
 37    29.479 53495.60460152 15.62 293.538011   7.514447 26.383
 37    29.486 53495.60460216 17.26 293.537271   7.511137 26.383
 37    29.521 53495.60460281 16.79 293.536541   7.507837 26.383
 37    29.785 53495.60460345 17.96 293.535801   7.504527 26.383
 39    33.267 53565.60460225 39.72 293.543280   7.534809 20.166
 39    33.320 53565.60460290 41.52 293.542550   7.531499 20.166
 39    33.416 53565.60460354 42.85 293.541810   7.528199 20.166
 39    33.457 53565.60460419 43.84 293.541080   7.524889 20.166
 39    33.496 53565.60460483 45.73 293.540350   7.521589 20.166
 39    33.540 53565.60460548 45.60 293.539610   7.518279 20.166
 39    33.598 53565.60460612 47.26 293.538876   7.514973 27.185
 39    33.631 53565.60460677 49.16 293.538146   7.511663 27.185
 39    33.650 53565.60460741 47.80 293.537406   7.508363 27.185
 39    33.601 53565.60460805 44.89 293.536676   7.505063 27.185
 40    34.735 53600.60454713 44.27 293.549167   7.522802 27.606
 40    34.751 53600.60454778 44.06 293.548437   7.519492 27.606
 40    34.744 53600.60454842 45.98 293.547697   7.516192 27.606
 41    33.524 53635.60454210 27.60 293.546519   7.533543 12.466
 41    33.605 53635.60454275 27.69 293.545779   7.530243 12.466
 41    33.427 53635.60454339 26.39 293.545049   7.526933 12.466
 41    33.200 53635.60454404 26.46 293.544309   7.523623 12.466
 41    33.261 53635.60454468 25.59 293.543579   7.520323 12.466
 41    33.373 53635.60454533 26.33 293.542836   7.517017 28.181
 41    33.731 53635.60454597 26.66 293.542106   7.513717 28.181
 41    33.832 53635.60454662 29.68 293.541366   7.510407 28.181
 42    30.689 53670.60456300 23.42 293.544999   7.536682 11.572
 42    31.078 53670.60456364 20.76 293.544269   7.533372 11.572
 42    30.881 53670.60456429 17.85 293.543529   7.530072 11.572
 42    30.496 53670.60456493 17.99 293.542799   7.526762 11.572
 42    30.252 53670.60456558 17.68 293.542059   7.523452 11.572
 42    30.397 53670.60456622 18.69 293.541329   7.520152 11.572
 42    30.510 53670.60456687 18.33 293.540590   7.516846 24.481
 42    30.456 53670.60456751 20.51 293.539860   7.513546 24.481
 42    30.710 53670.60456815 24.66 293.539120   7.510236 24.481
 42    30.786 53670.60456880 27.54 293.538390   7.506926 24.481
 46    25.770 53810.60441427 26.50 293.549506   7.522851 24.140
 46    25.818 53810.60441491 26.89 293.548776   7.519541 24.140
 47    26.417 53845.60445750 22.96 293.548094   7.535886  8.710
 47    26.450 53845.60445814 22.06 293.547354   7.532586  8.710
 47    26.467 53845.60445879 20.34 293.546624   7.529276  8.710
 47    26.353 53845.60445943 18.57 293.545884   7.525976  8.710
 47    26.388 53845.60446008 17.71 293.545154   7.522666  8.710
 47    26.689 53845.60446072 19.39 293.544414   7.519366  8.710
 47    27.339 53845.60446137 20.60 293.543684   7.516056  8.710
 47    27.424 53845.60446201 28.02 293.542944   7.512756  8.710
 49    33.364 53915.60454115 49.66 293.543473   7.537904 40.726
 49    33.343 53915.60454179 47.09 293.542743   7.534594 40.726
 49    33.358 53915.60454243 49.33 293.542003   7.531294 40.726
 49    33.450 53915.60454308 49.37 293.541273   7.527984 40.726
 49    33.613 53915.60454372 50.13 293.540533   7.524684 40.726
 49    33.667 53915.60454437 49.53 293.539803   7.521374 40.726
 49    33.670 53915.60454501 50.99 293.539063   7.518064 40.726
 49    33.728 53915.60454566 49.99 293.538333   7.514764 40.726
 49    33.760 53915.60454630 49.98 293.537593   7.511454 40.726
 49    33.795 53915.60454695 51.20 293.536863   7.508154 40.726
 49    33.781 53915.60454759 51.13 293.536126   7.504846 27.912
 50    35.827 53950.60455188 33.62 293.539029   7.527038 21.359
 50    35.548 53950.60455253 31.03 293.538299   7.523728 21.359
 50    35.320 53950.60455317 30.29 293.537559   7.520428 21.359
 50    35.110 53950.60455382 30.78 293.536829   7.517118 21.359
 50    34.989 53950.60455446 32.18 293.536089   7.513818 21.359
 50    35.320 53950.60455511 32.76 293.535359   7.510508 21.359
 50    35.650 53950.60455575 32.26 293.534619   7.507198 21.359
 50    35.956 53950.60455639 34.28 293.533889   7.503898 21.359
 50    36.115 53950.60455704 42.43 293.533154   7.500592 27.519
 51    35.304 53985.60448663 34.31 293.549455   7.534567 15.667
 51    35.391 53985.60448857 33.45 293.547255   7.524647 15.667
 51    35.465 53985.60448921 33.31 293.546515   7.521347 15.667
 51    35.516 53985.60448985 33.08 293.545785   7.518037 15.667
 51    35.587 53985.60449050 35.85 293.545045   7.514737 15.667
 52    32.412 54020.60452782 29.09 293.549037   7.522571 20.900
 52    32.551 54020.60452846 31.46 293.548307   7.519261 20.900
 52    32.617 54020.60452911 36.38 293.547567   7.515961 20.900
 54    28.877 54090.60450588 20.81 293.548536   7.524213 19.597
 54    28.892 54090.60450653 19.97 293.547806   7.520903 19.597
 54    30.467 54090.60450717 21.68 293.547066   7.517603 19.597
 54    30.569 54090.60450782 33.51 293.546336   7.514293 19.597
 55    25.963 54125.60443460 21.13 293.549648   7.522833 21.239
 55    26.023 54125.60443525 23.21 293.548908   7.519533 21.239
 56    26.812 54160.60447171 21.46 293.548716   7.533033 17.397
 56    26.151 54160.60447300 16.69 293.547246   7.526423 17.397
 56    25.395 54160.60447365 18.75 293.546516   7.523113 17.397
 56    25.417 54160.60447429 19.44 293.545776   7.519813 17.397
 56    27.664 54160.60447494 20.59 293.545046   7.516503 17.397
 56    27.779 54160.60447558 24.00 293.544306   7.513203 17.397
 57    25.528 54195.60443625 23.21 293.549173   7.524552 15.326
 57    25.543 54195.60443689 24.16 293.548443   7.521252 15.326
 57    25.396 54195.60443754 23.97 293.547700   7.517945 21.067
 58    28.360 54230.60448528 18.29 293.548521   7.524613 27.483
 58    28.293 54230.60448592 20.67 293.547781   7.521313 27.483
 58    28.306 54230.60448657 21.10 293.547051   7.518003 27.483
 58    27.700 54230.60448721 27.63 293.546311   7.514703 27.483
 59    31.946 54265.60450328 29.26 293.548808   7.523478 31.868
 59    32.079 54265.60450393 27.29 293.548068   7.520178 31.868
 59    32.371 54265.60450457 30.25 293.547338   7.516868 31.868
 60    35.520 54300.60450836 46.22 293.548905   7.521874 28.835
 60    35.601 54300.60450900 46.97 293.548175   7.518564 28.835
 60    35.682 54300.60450965 46.56 293.547435   7.515254 28.835
 61    35.214 54335.60449653 33.11 293.548446   7.523893 20.296
 61    35.151 54335.60449717 30.93 293.547716   7.520583 20.296
 61    35.251 54335.60449782 31.59 293.546976   7.517283 20.296
 61    35.296 54335.60449846 39.88 293.546246   7.513973 20.296
 63    32.558 54405.60444117 26.73 293.547431   7.524480 15.797
 63    32.595 54405.60444181 26.25 293.546695   7.521172 27.903
 63    32.766 54405.60444246 27.88 293.545965   7.517872 27.903
 63    32.812 54405.60444310 29.07 293.545225   7.514562 27.903
 64    29.415 54440.60439867 20.57 293.549708   7.523743 22.396
 64    29.407 54440.60439932 23.58 293.548978   7.520433 22.396
 65    27.266 54475.60442876 20.74 293.549369   7.522569 17.012
 65    27.179 54475.60442941 23.63 293.548629   7.519259 17.012
 66    25.730 54510.60441406 19.41 293.549185   7.522525 20.999
 66    25.792 54510.60441471 24.75 293.548455   7.519215 20.999
 67    25.546 54545.60444283 17.91 293.548074   7.522791 19.494
 67    26.925 54545.60444347 21.25 293.547344   7.519481 19.494
 67    27.606 54545.60444412 21.20 293.546604   7.516181 19.494
 68    25.328 54580.60440865 31.76 293.550230   7.524314 13.483
 68    25.290 54580.60440929 26.07 293.549490   7.521014 13.483
 69    29.102 54615.60443173 22.27 293.549590   7.524791 25.283
 69    29.108 54615.60443238 20.89 293.548850   7.521491 25.283
 69    29.246 54615.60443302 22.28 293.548120   7.518181 25.283
 70    33.230 54650.60444269 37.44 293.548366   7.532460 13.031
 70    33.024 54650.60444398 30.74 293.546896   7.525850 13.031
 70    32.964 54650.60444463 29.36 293.546166   7.522540 13.031
 70    33.054 54650.60444527 29.65 293.545426   7.519240 13.031
 70    33.278 54650.60444592 30.46 293.544696   7.515930 13.031
 70    33.422 54650.60444656 31.97 293.543956   7.512620 13.031
 71    35.301 54685.60443746 34.76 293.547734   7.524539 34.675
 71    35.267 54685.60443811 31.62 293.547004   7.521239 34.675
 71    35.515 54685.60443875 29.25 293.546264   7.517929 34.675
 71    35.634 54685.60443940 31.80 293.545534   7.514619 34.675
 73    32.190 54755.60441234 30.45 293.547959   7.525559 33.423
 73    32.102 54755.60441298 26.68 293.547229   7.522249 33.423
 73    32.227 54755.60441363 25.92 293.546489   7.518949 33.423
 73    32.486 54755.60441427 27.35 293.545759   7.515639 33.423
 74    31.127 54790.60438261 38.02 293.547665   7.523345 21.370
 74    31.197 54790.60438326 34.12 293.546925   7.520035 21.370
 74    31.138 54790.60438390 39.36 293.546185   7.516735 21.370
 74    31.281 54790.60438455 37.81 293.545455   7.513425 21.370
 75    29.032 54825.60440820 21.74 293.549111   7.525300 27.475
 75    29.133 54825.60440884 20.30 293.548381   7.521990 27.475
 75    30.595 54825.60440949 20.85 293.547641   7.518690 27.475
 75    30.815 54825.60441013 33.40 293.546911   7.515380 27.475
 76    26.254 54860.60437627 21.53 293.549404   7.522082 21.583
 76    26.417 54860.60437692 24.60 293.548674   7.518772 21.583
 77    26.074 54895.60440810 21.86 293.548473   7.533640 14.459
 77    26.515 54895.60440875 22.01 293.547743   7.530330 14.459
 77    26.431 54895.60440939 17.73 293.547003   7.527030 14.459
 77    25.509 54895.60441003 16.94 293.546273   7.523720 14.459
 77    27.215 54895.60441068 16.23 293.545533   7.520420 14.459
 77    27.785 54895.60441132 16.66 293.544803   7.517110 14.459
 77    27.929 54895.60441197 20.02 293.544063   7.513810 14.459
 78    26.111 54930.60437348 17.34 293.547289   7.523523 17.074
 78    25.969 54930.60437412 18.81 293.546559   7.520213 17.074
 78    27.559 54930.60437477 19.67 293.545819   7.516913 17.074
 78    27.732 54930.60437541 22.92 293.545089   7.513603 17.074
 79    28.167 54965.60440937 18.04 293.548045   7.525457 23.308
 79    28.001 54965.60441002 19.29 293.547305   7.522157 23.308
 79    28.036 54965.60441066 21.22 293.546575   7.518847 23.308
 79    27.871 54965.60441130 24.29 293.545835   7.515547 23.308
 80    30.184 55000.60442810 28.57 293.547706   7.535510 18.361
 80    30.225 55000.60442875 35.33 293.546966   7.532210 18.361
 80    30.072 55000.60442939 31.02 293.546236   7.528900 18.361
 80    29.902 55000.60443003 27.97 293.545496   7.525600 18.361
 80    29.525 55000.60443068 29.94 293.544766   7.522290 18.361
 80    29.295 55000.60443132 31.45 293.544026   7.518990 18.361
 80    29.337 55000.60443197 31.01 293.543296   7.515680 18.361
 80    28.946 55000.60443261 32.80 293.542556   7.512380 18.361
 81    33.858 55035.60441521 35.23 293.549600   7.524882 34.971
 81    33.860 55035.60441586 33.02 293.548870   7.521572 34.971
 81    33.958 55035.60441650 30.75 293.548130   7.518272 34.971
 82    34.245 55070.60440500 33.33 293.547610   7.523506 22.006
 82    34.421 55070.60440564 33.37 293.546880   7.520196 22.006
 82    34.452 55070.60440628 34.43 293.546140   7.516896 22.006
 82    34.683 55070.60440693 34.11 293.545410   7.513586 22.006
 83    31.977 55105.60434793 29.27 293.547552   7.523608 18.163
 83    32.316 55105.60434858 26.81 293.546812   7.520308 18.163
 83    32.439 55105.60434922 27.79 293.546082   7.516998 18.163
 83    32.474 55105.60434987 31.82 293.545342   7.513698 18.163
 84    29.361 55140.60435401 21.15 293.547735   7.525173 22.600
 84    29.390 55140.60435466 19.70 293.547005   7.521863 22.600
 84    30.495 55140.60435530 19.70 293.546265   7.518563 22.600
 84    30.923 55140.60435594 22.59 293.545535   7.515253 22.600
 86    25.701 55210.60434904 19.47 293.548114   7.524640 22.067
 86    25.457 55210.60434968 19.33 293.547384   7.521330 22.067
 86    25.519 55210.60435032 23.21 293.546644   7.518030 22.067
 86    28.205 55210.60435097 30.65 293.545914   7.514720 22.067
 87    25.608 55245.60432133 20.20 293.548234   7.524369 17.770
 87    26.930 55245.60432198 19.40 293.547504   7.521059 17.770
 87    27.416 55245.60432262 22.95 293.546764   7.517759 17.770
 87    27.811 55245.60432327 27.54 293.546034   7.514449 17.770
 88    25.929 55280.60434064 16.97 293.549104   7.533315 17.646
 88    26.385 55280.60434258 17.61 293.546894   7.523395 17.646
 88    26.802 55280.60434322 18.23 293.546164   7.520085 17.646
 88    27.339 55280.60434386 19.04 293.545424   7.516785 17.646
 88    27.537 55280.60434451 22.86 293.544694   7.513475 17.646
 89    29.278 55315.60430802 21.68 293.547852   7.526294 17.098
 89    29.278 55315.60430866 19.85 293.547112   7.522994 17.098
 89    29.270 55315.60430931 19.33 293.546382   7.519684 17.098
 89    29.155 55315.60430995 22.06 293.545642   7.516384 17.098
 89    29.258 55315.60431060 24.72 293.544912   7.513074 17.098
 90    32.385 55350.60431405 30.53 293.548189   7.525357 34.353
 90    32.371 55350.60431469 26.41 293.547459   7.522047 34.353
 90    32.543 55350.60431534 25.34 293.546719   7.518747 34.353
 90    32.803 55350.60431598 30.17 293.545989   7.515437 34.353
 91    34.552 55385.60430784 33.87 293.547744   7.525506 21.856
 91    34.344 55385.60430849 31.18 293.547014   7.522196 21.856
 91    34.597 55385.60430913 29.36 293.546274   7.518896 21.856
 91    34.733 55385.60430978 29.46 293.545544   7.515586 21.856
 92    35.793 55420.60433265 34.98 293.548676   7.522155 34.702
 92    35.832 55420.60433330 34.67 293.547946   7.518845 34.702
 92    35.873 55420.60433394 36.09 293.547206   7.515545 34.702
 93    34.861 55455.60430865 35.09 293.548281   7.525675 37.287
 93    34.721 55455.60430929 30.21 293.547541   7.522375 37.287
 93    34.826 55455.60430994 30.61 293.546811   7.519065 37.287
 93    34.958 55455.60431058 32.70 293.546071   7.515755 37.287
 94    31.533 55490.60422706 28.04 293.548567   7.524438 20.827
 94    32.847 55490.60422770 23.56 293.547827   7.521138 20.827
 94    32.724 55490.60422834 22.86 293.547097   7.517828 20.827
 94    31.682 55490.60422899 29.08 293.546357   7.514528 20.827
