#    0.000   0.000   0.000 ;Mean Elev.(m), Avg Gradient(m/km), RMS Gradient(m/km) - SRTM1     
#    0.000   0.000   0.000 ;Mean Elev.(m), Avg Gradient(m/km), RMS Gradient(m/km) - ASTER GDEM
#   39.175  -1.246   4.054 ;Mean Elev.(m), Avg Gradient(m/km), RMS Gradient(m/km) - GMTED2010 
  8 292.468275   5.896399    51.452    51.431 10 52499.60677517 49.693
  9 292.465279   5.893205    50.001    50.003 11 52534.60676350 45.703
 10 292.468849   5.897544    45.222    45.194 10 52569.60679244 46.418
 11 292.465125   5.892442    46.538    46.542 11 52604.60677483 33.673
 12 292.465618   5.893409    44.000    43.966 11 52639.60675692 22.777
 13 292.467533   5.896237    40.641    40.646 10 52674.60675148 49.177
 14 292.467253   5.895427    40.225    40.195 10 52709.60676811 34.708
 16 292.466621   5.894367    46.939    46.914 10 52779.60673262 47.670
 17 292.464467   5.892005    49.148    49.148 12 52814.60681686 37.172
 18 292.468149   5.896452    51.373    51.354 10 52849.60686857 49.871
 19 292.463030   5.890251    50.557    50.481 11 52884.60690527 30.164
 20 292.468206   5.896680    48.641    48.620 10 52919.60686026 49.434
 21 292.475812   5.905782    47.313    47.383  7 52954.60682188 48.460
 22 292.478504   5.905626    45.429    45.560  7 52989.60683205 15.117
 23 292.476868   5.904428    42.612    42.788  7 53024.60681229 16.115
 24 292.479280   5.906859    40.070    40.082  7 53059.60681033 49.671
 25 292.458683   5.888174    40.639    40.701 13 53094.60685165 44.584
 26 292.475734   5.903487    43.848    43.754  7 53129.60681983 47.997
 28 292.468079   5.896628    50.651    50.536 10 53199.60689196 29.496
 29 292.478307   5.905799    50.803    50.758  7 53234.60685985 42.729
 30 292.467868   5.895467    49.151    49.132 10 53269.60682705 29.509
 31 292.458877   5.887473    46.393    46.399 12 53304.60689059 17.463
 32 292.466660   5.894890    45.547    45.409 10 53339.60685768 20.054
 33 292.470804   5.899515    42.818    42.885  9 53374.60678817 22.403
 34 292.472435   5.902622    41.134    41.114  8 53409.60683007 43.160
 35 292.467059   5.894074    41.468    41.110 10 53444.60681503 35.437
 36 292.460723   5.889889    43.839    43.855 12 53479.60689499 45.710
 37 292.467663   5.895396    47.503    47.496 10 53514.60690077 23.964
 38 292.460432   5.887653    49.146    49.148 12 53549.60692178 36.741
 39 292.469773   5.898451    49.358    49.454  8 53584.60688180 23.863
 40 292.463184   5.891432    49.166    49.173 12 53619.60683992 45.472
 41 292.466950   5.894733    45.555    45.521 10 53654.60686580 44.310
 42 292.464147   5.892331    45.914    45.870 11 53689.60686127 49.312
 43 292.470418   5.899122    45.264    45.195  8 53724.60678418 20.512
 44 292.477919   5.905029    41.439    41.534  7 53759.60672564 18.339
 45 292.472476   5.900698    41.682    41.811  7 53794.60674540 17.319
 46 292.473917   5.903172    42.250    42.316  7 53829.60672092 43.434
 47 292.464702   5.892468    44.733    44.788 11 53864.60680235 29.230
 48 292.467684   5.895388    48.573    48.539 10 53899.60682721 42.382
 49 292.455467   5.884888    50.314    50.335 14 53934.60687304 25.715
 50 292.461080   5.889493    50.351    50.293 12 53969.60684226 33.282
 51 292.472804   5.902486    47.889    47.892  8 54004.60681348 45.703
 52 292.472925   5.902212    46.254    46.241  7 54039.60684608 19.653
 53 292.469096   5.897591    45.812    45.812 10 54074.60684156 25.747
 54 292.465339   5.892078    43.797    43.775 11 54109.60678717 22.920
 55 292.468317   5.896789    40.689    40.702  9 54144.60677963 37.220
 56 292.466168   5.893979    41.272    41.231 11 54179.60677205 45.241
 57 292.467073   5.895211    43.577    43.565 10 54214.60678740 33.849
 58 292.467519   5.896140    46.927    46.912 10 54249.60681472 32.412
 59 292.469383   5.897929    51.016    51.002  9 54284.60682232 45.362
 60 292.470076   5.898436    50.651    50.652  9 54319.60681948 44.724
 61 292.468790   5.896824    49.421    49.452  9 54354.60678268 43.148
 62 292.469741   5.898949    48.152    48.174  9 54389.60675987 45.685
 63 292.468034   5.896231    45.956    46.068 10 54424.60673304 20.834
 64 292.470118   5.898773    44.551    44.840  9 54459.60673543 18.248
 65 292.469354   5.898272    42.040    41.356  9 54494.60673765 21.336
 66 292.471301   5.899880    40.920    40.901  8 54529.60674799 23.407
 67 292.467413   5.895232    40.851    40.763 10 54564.60674455 42.730
 68 292.468172   5.896170    43.939    43.888 10 54599.60674401 48.375
 69 292.466173   5.893498    47.983    48.003 10 54634.60675745 46.221
 70 292.466505   5.894061    51.237    51.222 10 54669.60676167 28.069
 71 292.470106   5.899706    49.864    49.813  9 54704.60672374 29.142
 72 292.469178   5.898036    47.653    47.667  9 54739.60672391 46.192
 73 292.469816   5.899290    46.089    46.086  9 54774.60670557 40.957
 74 292.468582   5.897171    46.191    46.274  9 54809.60671726 19.945
 75 292.467882   5.895359    44.032    44.180 10 54844.60670457 20.345
 76 292.466314   5.893627    42.434    42.566 10 54879.60672179 22.492
 77 292.464769   5.891544    41.676    41.739 11 54914.60670910 42.294
 79 292.465807   5.894196    44.273    44.200 11 54984.60673875 24.756
 80 292.469299   5.897064    48.897    48.838  9 55019.60673375 32.417
 81 292.469919   5.899576    50.405    50.414  9 55054.60672917 46.599
 82 292.466711   5.894838    48.309    48.313 11 55089.60669065 39.381
 83 292.470001   5.899558    45.937    45.909  9 55124.60666728 45.762
 84 292.466588   5.894276    44.459    44.278 10 55159.60665180 20.795
 85 292.468698   5.897470    41.988    41.725  9 55194.60665757 18.565
 86 292.466088   5.893736    40.382    40.362 10 55229.60665463 34.453
 87 292.469474   5.898799    40.442    40.482  9 55264.60665255 47.624
 88 292.468677   5.897137    42.362    42.078 10 55299.60663571 24.058
 89 292.466796   5.894612    47.181    47.192 11 55334.60663048 32.734
 90 292.469105   5.897820    49.492    49.333  9 55369.60662101 26.354
 91 292.470314   5.899866    50.882    50.902  9 55404.60663744 49.008
 92 292.469961   5.899059    50.350    50.319  9 55439.60663886 32.311
 93 292.468770   5.897041    46.946    46.946 10 55474.60658549 41.149
