#    0.000   0.000   0.000 ;Mean Elev.(m), Avg Gradient(m/km), RMS Gradient(m/km) - SRTM1     
#    0.000   0.000   0.000 ;Mean Elev.(m), Avg Gradient(m/km), RMS Gradient(m/km) - ASTER GDEM
#   82.113  -3.858  18.845 ;Mean Elev.(m), Avg Gradient(m/km), RMS Gradient(m/km) - GMTED2010 
  7 292.750445   3.969628    87.881    87.814  3 52445.60518485 43.055
  8 292.755273   3.965068    89.246    89.228  3 52480.60517752 42.675
  9 292.764063   3.962931    88.043    88.089  3 52515.60512773 42.458
 10 292.755453   3.965090    85.727    85.722  4 52550.60517439 47.315
 11 292.767621   3.962840    84.570    84.552  3 52585.60514829 40.039
 12 292.757389   3.965275    84.056    83.838  3 52620.60513004 50.786
 15 292.760950   3.964269    82.555    82.564  4 52725.60515831 47.490
 16 292.749747   3.970323    83.892    83.920  3 52760.60517447 33.518
 17 292.765069   3.961805    86.470    86.477  3 52795.60513284 35.544
 18 292.766554   3.961538    87.748    87.748  4 52830.60519951 44.942
 19 292.768366   3.961747    88.687    88.655  4 52865.60524340 31.711
 20 292.758480   3.965371    87.829    87.839  4 52900.60527179 41.264
 21 292.757411   3.965132    86.660    86.662  4 52935.60521399 35.737
 22 292.759209   3.964446    85.073    85.083  4 52970.60523529 47.588
 23 292.753839   3.965990    83.479    83.484  4 53005.60525042 47.479
 24 292.757436   3.964885    82.306    82.276  3 53040.60520100 30.824
 25 292.756055   3.964836    82.659    82.728  4 53075.60523378 48.371
 26 292.754484   3.965893    82.963    82.813  3 53110.60520331 47.848
 27 292.757189   3.963962    87.341    87.233  4 53145.60524570 31.973
 28 292.763252   3.962564    87.737    87.669  4 53180.60525607 26.934
 29 292.758104   3.964814    87.632    87.561  3 53215.60527825 44.064
 30 292.757275   3.964282    88.029    87.938  4 53250.60525352 28.014
 31 292.754926   3.965731    86.726    86.680  3 53285.60524761 51.838
 32 292.767597   3.962520    84.447    84.485  3 53320.60522815 48.356
 33 292.765450   3.962970    83.552    83.468  3 53355.60519705 31.188
 34 292.759059   3.964160    82.678    82.597  4 53390.60520671 29.370
 35 292.764480   3.962889    82.614    82.506  3 53425.60520410 20.271
 36 292.765017   3.962211    83.073    82.965  4 53460.60521198 44.810
 37 292.752719   3.965784    85.315    85.337  4 53495.60529358 46.488
 38 292.764942   3.962543    86.178    86.247  4 53530.60527036 50.326
 39 292.753843   3.966390    86.915    86.939  4 53565.60529818 39.922
 40 292.762021   3.964221    88.358    88.321  4 53600.60524113 31.749
 41 292.756623   3.965160    86.224    86.240  4 53635.60523803 47.849
 42 292.754616   3.964956    84.726    84.684  4 53670.60525957 40.992
 43 292.766180   3.962834    85.091    85.082  3 53705.60519356 46.743
 44 292.763712   3.963382    83.572    83.524  4 53740.60510588 47.921
 45 292.765339   3.962767    84.673    84.700  4 53775.60512739 22.427
 46 292.762522   3.964201    83.468    83.435  4 53810.60510826 46.198
 47 292.757521   3.964171    83.575    83.615  4 53845.60515408 50.241
 48 292.764114   3.963048    87.264    87.252  3 53880.60518004 45.101
 49 292.753124   3.966117    88.149    88.155  4 53915.60523772 49.115
 50 292.751354   3.966866    89.848    89.888  3 53950.60524620 40.928
 51 292.759791   3.964409    87.893    87.890  3 53985.60518289 39.212
 52 292.761396   3.964099    86.279    86.258  4 54020.60522182 44.479
 53 292.768072   3.962022    85.527    85.510  3 54055.60521377 49.776
 54 292.761019   3.963920    83.848    83.844  3 54090.60520021 43.669
 55 292.761884   3.964329    82.728    82.749  4 54125.60512860 30.002
 56 292.759167   3.964642    81.965    81.938  4 54160.60516764 30.448
 57 292.760754   3.962729    83.796    83.335  4 54195.60513089 23.602
 58 292.760685   3.964369    85.546    85.533  3 54230.60517959 49.642
 59 292.761017   3.963361    88.229    88.200  3 54265.60519760 42.900
 60 292.761531   3.963372    89.282    89.295  4 54300.60520235 47.259
 61 292.760841   3.963661    88.249    88.198  3 54335.60519084 52.161
 63 292.759757   3.964272    85.929    85.945  3 54405.60513549 47.226
 64 292.761502   3.963586    84.427    84.685  3 54440.60509299 43.356
 65 292.761927   3.964054    84.065    84.028  4 54475.60512276 45.118
 66 292.761463   3.964059    83.466    83.454  4 54510.60510806 49.070
 67 292.760759   3.964197    83.899    83.884  4 54545.60513682 25.597
 68 292.762031   3.962464    83.553    83.618  4 54580.60510329 35.235
 69 292.761485   3.963029    86.528    86.567  4 54615.60512637 44.680
 70 292.758721   3.964034    88.115    88.110  4 54650.60513862 48.621
 71 292.760141   3.964299    89.101    89.062  3 54685.60513178 51.869
 72 292.761891   3.963046    87.689    87.688  4 54720.60508310 49.979
 73 292.759840   3.963807    85.770    85.760  4 54755.60510698 40.268
 74 292.759907   3.964828    85.685    85.675  4 54790.60507660 45.788
 75 292.760869   3.963462    85.261    85.220  4 54825.60510284 32.179
 76 292.761710   3.963693    84.263    84.157  4 54860.60507027 46.186
 77 292.758983   3.965178    83.404    83.426  4 54895.60510403 50.416
 78 292.759626   3.964913    83.753    83.678  4 54930.60506747 30.328
 79 292.759912   3.963649    84.759    84.168  4 54965.60510401 28.030
 80 292.757748   3.965485    85.337    85.349  3 55000.60512435 46.134
 81 292.761425   3.963007    87.398    87.380  4 55035.60510985 33.867
 82 292.760435   3.964955    87.176    87.127  4 55070.60509899 47.537
 83 292.759850   3.965218    84.335    84.350  4 55105.60504193 33.016
 84 292.759660   3.963325    84.343    84.344  4 55140.60504865 45.009
 85 292.761932   3.962607    83.162    83.207  4 55175.60500979 45.839
 86 292.760322   3.964535    82.032    82.067  3 55210.60504335 31.502
 87 292.760246   3.964244    82.102    82.076  3 55245.60501565 49.091
 88 292.758884   3.961435    83.184    83.184  2 55280.60503721 47.261
 89 292.759692   3.964456    85.502    85.496  4 55315.60500266 33.372
 90 292.760199   3.963584    88.027    88.033  4 55350.60500869 48.667
 91 292.759344   3.963695    88.924    88.922  4 55385.60500248 48.093
 92 292.761264   3.963598    89.251    89.248  4 55420.60502665 47.987
 93 292.760406   3.963862    88.354    88.360  4 55455.60500329 49.814
 94 292.760926   3.962547    85.525    85.493  4 55490.60492169 28.830
