#    0.000   0.000   0.000 ;Mean Elev.(m), Avg Gradient(m/km), RMS Gradient(m/km) - SRTM1     
#    0.000   0.000   0.000 ;Mean Elev.(m), Avg Gradient(m/km), RMS Gradient(m/km) - ASTER GDEM
#   21.000  -0.049   2.330 ;Mean Elev.(m), Avg Gradient(m/km), RMS Gradient(m/km) - GMTED2010 
  9 293.564750   7.582661    33.497    33.304  5 52515.60442181 23.925
 11 293.568556   7.582555    29.928    29.928  3 52585.60444237 17.139
 15 293.560862   7.578906    24.136    24.264  3 52725.60445336 20.444
 17 293.566751   7.583087    30.968    30.955  4 52795.60442660 23.557
 18 293.568254   7.582822    31.425    31.363  3 52830.60449327 23.431
 19 293.569862   7.583058    35.107    35.090  3 52865.60453716 31.915
 22 293.558904   7.577465    31.122    31.122  2 52970.60453065 19.657
 28 293.564233   7.582215    32.231    32.241  6 53180.60455015 24.804
 32 293.568658   7.582176    30.411    30.388  3 53320.60452223 19.277
 33 293.566147   7.582672    28.457    28.461  5 53355.60449113 20.880
 34 293.558923   7.577161    26.174    26.174  2 53390.60450208 16.001
 35 293.565334   7.582572    25.453    25.503  5 53425.60449818 16.126
 36 293.566310   7.581848    24.391    24.333  4 53460.60450606 19.945
 38 293.565844   7.582199    31.638    31.638  4 53530.60456444 42.392
 40 293.561659   7.578995    33.910    33.918  3 53600.60453617 33.399
 43 293.567319   7.584211    29.727    29.809  4 53705.60448731 18.536
 44 293.564122   7.583149    26.269    26.238  6 53740.60439996 19.406
 45 293.566430   7.582418    26.863    26.848  4 53775.60442147 14.859
 46 293.562732   7.582345    25.602    25.735  5 53810.60440266 16.048
 48 293.565251   7.582722    30.644    30.623  5 53880.60447412 32.963
 52 293.561538   7.578759    31.924    31.932  3 54020.60451686 18.422
 53 293.569114   7.581662    29.910    29.846  3 54055.60450785 20.220
 54 293.560662   7.578747    28.756    28.756  2 54090.60449525 16.198
 55 293.563249   7.583984    25.513    25.469  6 54125.60442268 19.257
 56 293.558639   7.577654    23.772    23.772  2 54160.60446301 20.395
 57 293.561303   7.579097    24.321    24.321  2 54195.60442561 22.117
 58 293.560646   7.579156    27.694    27.694  2 54230.60447464 17.570
 59 293.561300   7.579671    31.580    31.573  3 54265.60449232 24.501
 60 293.561402   7.578061    34.873    34.873  3 54300.60449740 35.867
 61 293.560572   7.578431    34.548    34.548  2 54335.60448589 36.641
 63 293.559556   7.579020    32.354    32.354  2 54405.60443053 26.516
 64 293.562950   7.583239    29.032    29.061  5 54440.60438707 20.303
 65 293.562230   7.580415    27.188    27.093  4 54475.60441748 14.949
 66 293.561688   7.578714    24.442    24.432  3 54510.60440310 21.681
 67 293.560568   7.578982    24.663    24.726  3 54545.60443187 18.251
 68 293.563457   7.583818    24.935    24.946  5 54580.60439704 45.198
 69 293.561713   7.579332    28.634    28.634  2 54615.60442110 19.430
 71 293.559859   7.579077    35.001    35.001  2 54685.60442683 25.974
 72 293.563239   7.582612    34.385    34.395  6 54720.60437718 39.884
 73 293.559352   7.576789    31.915    31.915  2 54755.60440234 24.598
 74 293.559791   7.577886    30.457    30.457  2 54790.60437197 31.950
 75 293.560875   7.578184    29.238    28.859  3 54825.60439788 16.642
 76 293.563008   7.583227    26.001    26.024  6 54860.60436435 21.989
 78 293.559424   7.578056    25.869    25.869  2 54930.60436284 16.663
 79 293.559433   7.576693    27.978    27.978  2 54965.60439938 17.815
 81 293.561363   7.577766    32.981    33.008  3 55035.60440490 23.549
 82 293.559734   7.578044    34.097    34.097  2 55070.60439436 33.509
 83 293.559678   7.578148    31.879    31.879  2 55105.60433730 28.089
 85 293.563678   7.583907    26.518    26.528  5 55175.60430355 18.383
 86 293.560243   7.579176    24.676    24.676  2 55210.60433840 20.583
 87 293.560368   7.578905    23.616    23.616  2 55245.60431070 21.924
 88 293.559020   7.577934    24.095    24.095  2 55280.60433194 22.115
 89 293.559243   7.577531    28.834    28.834  2 55315.60429803 21.351
 90 293.560315   7.579893    32.066    32.066  2 55350.60430341 26.498
 92 293.561172   7.578346    35.333    35.387  3 55420.60432169 28.820
 93 293.559669   7.576907    34.428    34.428  2 55455.60429866 23.713
 94 293.560681   7.578981    30.770    30.770  2 55490.60421642 23.504
