#    0.000   0.000   0.000 ;Mean Elev.(m), Avg Gradient(m/km), RMS Gradient(m/km) - SRTM1     
#    0.000   0.000   0.000 ;Mean Elev.(m), Avg Gradient(m/km), RMS Gradient(m/km) - ASTER GDEM
#    8.297  -2.444  19.230 ;Mean Elev.(m), Avg Gradient(m/km), RMS Gradient(m/km) - GMTED2010 
  7    86.975 52448.08767509 11.93 297.203831   8.333317  4.416
  7    95.917 52448.08767573 10.75 297.203091   8.336617  4.416
  7    87.101 52448.08767638 10.77 297.202361   8.339927  4.416
  7    76.820 52448.08767702  9.80 297.201621   8.343227  4.416
  7    74.125 52448.08767767  9.10 297.200881   8.346537  4.416
  7    81.557 52448.08767831  8.06 297.200151   8.349837  4.416
  7    73.984 52448.08767896  6.90 297.199411   8.353147  4.416
  7    68.832 52448.08767960  7.01 297.198670   8.356453  7.678
  7    60.500 52448.08768025  6.97 297.197940   8.359753  7.678
  7    59.388 52448.08768089  5.45 297.197200   8.363053  7.678
  8   115.927 52483.08766324  6.11 297.211534   8.332307  3.695
  8   113.424 52483.08766388  5.31 297.210794   8.335607  3.695
  8   111.950 52483.08766453  3.54 297.210064   8.338917  3.695
  8   109.633 52483.08766517  1.60 297.209324   8.342217  3.695
  8   106.529 52483.08766582  0.54 297.208584   8.345527  3.695
  9    31.659 52518.08762048 25.25 297.217000   8.332496 10.769
  9    30.406 52518.08762113 26.11 297.216260   8.335796 10.769
  9    29.255 52518.08762177 26.93 297.215530   8.339106 10.769
  9    28.600 52518.08762242 22.13 297.214790   8.342406 10.769
  9    27.249 52518.08762306 22.04 297.214060   8.345716 10.769
  9    25.737 52518.08762371 21.98 297.213320   8.349016 10.769
  9    23.246 52518.08762435 20.98 297.212580   8.352326 10.769
  9    19.851 52518.08762500 21.46 297.211850   8.355626 10.769
  9    18.574 52518.08762564 22.55 297.211110   8.358936 10.769
  9    15.626 52518.08762629 23.16 297.210370   8.362236 10.769
  9    13.078 52518.08762693 23.52 297.209640   8.365546 10.769
 11   118.827 52588.08765079  3.80 297.216540   8.335075  3.499
 11   115.943 52588.08765144  3.97 297.215800   8.338375  3.499
 11   113.904 52588.08765208  3.94 297.215060   8.341685  3.499
 11   101.296 52588.08765272  5.40 297.214330   8.344985  3.499
 11    97.556 52588.08765337  4.67 297.213590   8.348295  3.499
 11    93.353 52588.08765401  4.65 297.212850   8.351595  3.499
 11    89.388 52588.08765466  4.55 297.212110   8.354905  3.499
 11    84.944 52588.08765530  3.48 297.211380   8.358205  3.499
 11    82.533 52588.08765595  2.10 297.210640   8.361505  3.499
 11    79.142 52588.08765659  1.16 297.209902   8.364820  9.283
 11    72.817 52588.08765724  1.16 297.209162   8.368120  9.283
 12    32.498 52623.08760678 24.99 297.215891   8.333257 12.255
 12    31.751 52623.08760742 25.81 297.215151   8.336567 12.255
 12    30.697 52623.08760807 25.39 297.214411   8.339867 12.255
 12    29.599 52623.08760871 24.36 297.213671   8.343177 12.255
 12    28.330 52623.08760935 22.50 297.212941   8.346477 12.255
 12    26.443 52623.08761000 24.37 297.212201   8.349787 12.255
 12    24.476 52623.08761064 21.46 297.211461   8.353087 12.255
 12    21.529 52623.08761129 22.65 297.210731   8.356397 12.255
 12    20.599 52623.08761193 17.82 297.209991   8.359697 12.255
 13    31.939 52658.08762204 29.26 297.216235   8.334885 27.662
 13    30.987 52658.08762268 27.09 297.215495   8.338185 27.662
 13    29.733 52658.08762333 26.79 297.214755   8.341495 27.662
 13    28.381 52658.08762397 26.31 297.214025   8.344795 27.662
 15   111.763 52728.08764355  6.70 297.216968   8.333467  7.033
 15   108.592 52728.08764419  6.05 297.216228   8.336777  7.033
 15   105.599 52728.08764484  5.97 297.215488   8.340077  7.033
 15   106.174 52728.08764548  2.98 297.214758   8.343387  7.033
 15   102.883 52728.08764613  2.28 297.214018   8.346687  7.033
 15    26.624 52728.08764677 11.59 297.213278   8.349997  7.033
 15    22.136 52728.08764806 24.04 297.211808   8.356607  7.033
 15    18.447 52728.08764870 25.17 297.211067   8.359904 10.080
 15    14.217 52728.08764935 23.99 297.210327   8.363214 10.080
 15    11.980 52728.08764999 18.38 297.209597   8.366514 10.080
 15    12.399 52728.08765064 14.64 297.208857   8.369824 10.080
 15     8.309 52728.08765128 15.71 297.208117   8.373124 10.080
 15     6.874 52728.08765193 14.81 297.207387   8.376434 10.080
 15     6.977 52728.08765257 13.13 297.206647   8.379734 10.080
 16    32.844 52763.08765693 23.17 297.205780   8.334002 17.573
 16   161.784 52763.08765950  1.97 297.202830   8.347222 17.573
 17    32.309 52798.08762696 20.61 297.218972   8.334118 10.538
 17    31.031 52798.08762761 21.89 297.218242   8.337418 10.538
 17    30.488 52798.08762825 21.80 297.217502   8.340728 10.538
 17    29.687 52798.08762890 22.32 297.216762   8.344028 10.538
 17    28.692 52798.08762954 21.47 297.216032   8.347338 10.538
 17    25.408 52798.08763083 19.19 297.214552   8.353938 10.538
 17    22.889 52798.08763148 19.03 297.213812   8.357248 10.538
 17    19.923 52798.08763212 18.60 297.213082   8.360548 10.538
 17    17.407 52798.08763276 14.12 297.212336   8.363862  6.296
 18    32.517 52833.08769747 20.18 297.218798   8.332763  7.004
 18    31.973 52833.08769811 20.24 297.218058   8.336063  7.004
 18    31.086 52833.08769876 21.61 297.217318   8.339373  7.004
 18    29.597 52833.08769940 21.32 297.216588   8.342673  7.004
 18    28.051 52833.08770005 22.24 297.215848   8.345983  7.004
 18    24.914 52833.08770134 21.43 297.214378   8.352593  7.004
 18    23.431 52833.08770198 22.53 297.213638   8.355893  7.004
 18    20.866 52833.08770262 20.31 297.212898   8.359193  7.004
 18    17.525 52833.08770327 19.51 297.212158   8.362503  7.004
 18    13.786 52833.08770391 20.94 297.211428   8.365803  7.004
 18    12.150 52833.08770456 20.65 297.210682   8.369118 18.627
 18    10.081 52833.08770520 22.11 297.209952   8.372418 18.627
 18    11.009 52833.08770585 21.90 297.209212   8.375718 18.627
 18    11.279 52833.08770649 21.68 297.208472   8.379028 18.627
 18    11.617 52833.08770714 23.71 297.207732   8.382328 18.627
 19   117.684 52868.08774054  4.75 297.220343   8.336195  6.861
 19   117.244 52868.08774118  4.35 297.219613   8.339505  6.861
 19   112.981 52868.08774183  3.42 297.218873   8.342805  6.861
 19    27.872 52868.08774247 21.48 297.218133   8.346115  6.861
 19    22.100 52868.08774441 22.38 297.215923   8.356025  6.861
 19    19.792 52868.08774505 21.19 297.215183   8.359335  6.861
 19    18.155 52868.08774570 20.23 297.214453   8.362635  6.861
 19    15.182 52868.08774634 20.17 297.213713   8.365935  6.861
 19    13.173 52868.08774699 20.98 297.212971   8.369250 24.475
 19    13.275 52868.08774763 21.38 297.212241   8.372550 24.475
 19    13.241 52868.08774828 22.02 297.211501   8.375850 24.475
 19    13.594 52868.08774892 23.24 297.210761   8.379160 24.475
 19    14.213 52868.08774956 23.63 297.210021   8.382460 24.475
 19    15.698 52868.08775021 26.05 297.209291   8.385770 24.475
 20   106.298 52903.08775695  5.28 297.212991   8.338002  6.639
 20   102.602 52903.08775759  5.14 297.212261   8.341302  6.639
 20    98.836 52903.08775824  5.88 297.211521   8.344612  6.639
 20    96.220 52903.08775888  4.46 297.210781   8.347912  6.639
 20    91.493 52903.08775953  4.09 297.210051   8.351222  6.639
 20    89.877 52903.08776017  2.28 297.209311   8.354522  6.639
 20    92.890 52903.08776082  0.60 297.208571   8.357832  6.639
 20    16.245 52903.08776211 19.51 297.207101   8.364442  6.639
 20    14.319 52903.08776275 23.87 297.206361   8.367742  6.639
 20    11.461 52903.08776340 25.15 297.205621   8.371052  6.639
 20    11.952 52903.08776404 27.18 297.204891   8.374352  6.639
 21    33.206 52938.08769355 22.71 297.214798   8.333122 23.602
 21    32.001 52938.08769420 23.95 297.214058   8.336432 23.602
 21    31.363 52938.08769484 25.92 297.213328   8.339732 23.602
 21    29.700 52938.08769549 28.58 297.212588   8.343042 23.602
 21    28.858 52938.08769613 26.26 297.211848   8.346342 23.602
 21    27.184 52938.08769678 24.16 297.211118   8.349652 23.602
 21    25.065 52938.08769742 22.79 297.210378   8.352952 23.602
 21    22.781 52938.08769807 21.68 297.209648   8.356262 23.602
 21   124.575 52938.08769871  0.38 297.208908   8.359562 23.602
 22    34.455 52973.08772757 21.00 297.212013   8.334305 10.635
 22    34.222 52973.08772821 22.42 297.211273   8.337615 10.635
 22    32.198 52973.08772886 21.93 297.210533   8.340915 10.635
 22    31.095 52973.08772950 22.72 297.209803   8.344225 10.635
 22    29.086 52973.08773015 23.04 297.209063   8.347525 10.635
 22    26.820 52973.08773079 24.34 297.208323   8.350835 10.635
 22    24.433 52973.08773143 21.16 297.207583   8.354135 10.635
 22    22.238 52973.08773208 22.35 297.206853   8.357445 10.635
 22    20.158 52973.08773272 20.37 297.206113   8.360745 10.635
 22    17.586 52973.08773337 18.29 297.205373   8.364055 10.635
 22    14.200 52973.08773401 17.34 297.204643   8.367355 10.635
 24    34.227 53043.08769347 27.16 297.210637   8.333984 14.039
 24    33.697 53043.08769412 25.59 297.209897   8.337294 14.039
 24    32.890 53043.08769476 23.42 297.209157   8.340594 14.039
 24    31.291 53043.08769541 23.28 297.208417   8.343904 14.039
 24    28.397 53043.08769605 25.64 297.207687   8.347204 14.039
 24    27.152 53043.08769670 22.61 297.206947   8.350514 14.039
 24    25.978 53043.08769734 21.92 297.206207   8.353814 14.039
 24    23.065 53043.08769799 20.08 297.205477   8.357124 14.039
 24    21.247 53043.08769863 17.09 297.204737   8.360424 14.039
 24    17.895 53043.08769928 16.02 297.203997   8.363734 14.039
 25    24.809 53078.08773037 23.03 297.205291   8.353926 19.295
 25    23.083 53078.08773101 19.86 297.204561   8.357236 19.295
 27    37.156 53148.08774186 24.07 297.209895   8.333706 12.690
 27    35.191 53148.08774250 30.00 297.209155   8.337006 12.690
 27    34.946 53148.08774315 24.98 297.208415   8.340316 12.690
 27    32.735 53148.08774379 24.64 297.207685   8.343616 12.690
 27    31.506 53148.08774444 23.73 297.206945   8.346926 12.690
 27    78.747 53148.08774702  1.87 297.203995   8.360146 12.690
 27    74.977 53148.08774766  1.45 297.203265   8.363446 12.690
 27    74.159 53148.08774831  0.73 297.202525   8.366746 12.690
 27    68.090 53148.08774895  0.26 297.201783   8.370052 20.102
 28    36.093 53183.08774116 26.70 297.219617   8.334179 10.308
 28    34.231 53183.08774180 27.56 297.218877   8.337489 10.308
 28    32.655 53183.08774245 24.02 297.218147   8.340789 10.308
 28    32.554 53183.08774309 20.87 297.217407   8.344099 10.308
 28    31.299 53183.08774374 19.60 297.216667   8.347399 10.308
 28    28.603 53183.08774503 19.01 297.215197   8.354009 10.308
 28    23.006 53183.08774567 20.88 297.214457   8.357319 10.308
 29    35.248 53218.08776550 26.72 297.213310   8.334718 12.916
 29    33.698 53218.08776614 29.08 297.212580   8.338018 12.916
 29    32.614 53218.08776678 27.56 297.211840   8.341328 12.916
 29    30.766 53218.08776743 27.96 297.211100   8.344628 12.916
 29    29.043 53218.08776807 23.06 297.210370   8.347938 12.916
 29    27.328 53218.08776872 23.85 297.209630   8.351238 12.916
 29    24.980 53218.08776936 22.68 297.208890   8.354548 12.916
 29    22.066 53218.08777001 23.54 297.208150   8.357848 12.916
 29    19.410 53218.08777065 23.22 297.207420   8.361158 12.916
 29    15.871 53218.08777130 22.73 297.206680   8.364458 12.916
 29    12.712 53218.08777194 23.63 297.205940   8.367768 12.916
 29    12.694 53218.08777259 24.17 297.205210   8.371068 12.916
 29    13.096 53218.08777323 24.82 297.204470   8.374368 12.916
 30    35.763 53253.08774267 23.20 297.211484   8.331728 12.419
 30    35.672 53253.08774332 22.75 297.210754   8.335028 12.419
 30    33.391 53253.08774396 26.10 297.210014   8.338338 12.419
 30    33.356 53253.08774461 22.58 297.209274   8.341638 12.419
 30    32.147 53253.08774525 20.64 297.208544   8.344948 12.419
 30    30.233 53253.08774589 23.33 297.207804   8.348248 12.419
 30    28.348 53253.08774654 23.15 297.207074   8.351558 12.419
 30    26.071 53253.08774718 21.59 297.206334   8.354858 12.419
 30    22.901 53253.08774783 22.65 297.205594   8.358168 12.419
 30    19.831 53253.08774847 23.27 297.204864   8.361468 12.419
 30    13.777 53253.08774912 25.26 297.204124   8.364778 12.419
 30    14.206 53253.08774976 25.35 297.203384   8.368078 12.419
 30    13.913 53253.08775041 25.82 297.202654   8.371388 12.419
 31    28.749 53288.08774707 22.63 297.203038   8.349512 16.046
 31    26.330 53288.08774771 22.63 297.202308   8.352822 16.046
 31    24.479 53288.08774836 21.98 297.201568   8.356122 16.046
 31    21.850 53288.08774900 21.12 297.200828   8.359432 16.046
 31    18.514 53288.08774965 21.46 297.200088   8.362732 16.046
 31    14.063 53288.08775029 24.34 297.199358   8.366042 16.046
 32    38.351 53323.08771956 25.72 297.220982   8.334818 12.327
 32    36.676 53323.08772021 23.13 297.220242   8.338128 12.327
 32    34.476 53323.08772085 25.54 297.219512   8.341428 12.327
 32    31.802 53323.08772150 24.30 297.218772   8.344738 12.327
 32    29.481 53323.08772214 25.42 297.218032   8.348038 12.327
 32    21.847 53323.08772408 20.22 297.215822   8.357958 12.327
 32    19.423 53323.08772472 20.39 297.215082   8.361258 12.327
 32     8.140 53323.08772537 20.55 297.214352   8.364568 12.327
 32     8.300 53323.08772601 20.55 297.213612   8.367868 12.327
 32     9.031 53323.08772666 19.89 297.212872   8.371168 12.327
 32     8.504 53323.08772730 20.74 297.212142   8.374478 12.327
 32     8.934 53323.08772794 20.18 297.211402   8.377778 12.327
 32     9.595 53323.08772859 20.71 297.210662   8.381093  8.789
 32    11.174 53323.08772923 21.67 297.209922   8.384393  8.789
 33    35.334 53358.08768438 27.55 297.219948   8.335594 12.088
 33    35.100 53358.08768502 25.83 297.219208   8.338894 12.088
 33    33.734 53358.08768567 25.09 297.218478   8.342204 12.088
 33    32.234 53358.08768631 23.10 297.217738   8.345504 12.088
 33    26.332 53358.08768825 19.18 297.215528   8.355424 12.088
 33    23.593 53358.08768889 16.46 297.214798   8.358724 12.088
 33    20.471 53358.08768954 17.26 297.214058   8.362034 12.088
 33    18.339 53358.08769018 16.71 297.213318   8.365334 12.088
 34   112.082 53393.08769997  7.17 297.212274   8.333836  4.107
 34   108.217 53393.08770062  6.20 297.211534   8.337146  4.107
 34   107.959 53393.08770126  6.81 297.210794   8.340446  4.107
 34    99.007 53393.08770191  8.27 297.210054   8.343756  4.107
 34    95.197 53393.08770255  6.86 297.209324   8.347056  4.107
 34    90.790 53393.08770320  7.17 297.208584   8.350366  4.107
 34    87.387 53393.08770384  6.15 297.207844   8.353666  4.107
 34    84.280 53393.08770448  5.34 297.207114   8.356976  4.107
 34    80.389 53393.08770513  3.66 297.206374   8.360276  4.107
 34    75.669 53393.08770577  3.37 297.205634   8.363586  4.107
 34    70.561 53393.08770642  3.17 297.204894   8.366886  4.107
 34    65.291 53393.08770706  3.21 297.204164   8.370186  4.107
 34    60.555 53393.08770771  3.41 297.203418   8.373501  9.261
 35    35.229 53428.08769424 28.05 297.218675   8.333609 21.642
 35    34.434 53428.08769489 26.91 297.217935   8.336909 21.642
 35    33.023 53428.08769553 25.10 297.217205   8.340219 21.642
 35    34.048 53428.08769618 23.04 297.216465   8.343519 21.642
 35    33.631 53428.08769682 20.75 297.215735   8.346829 21.642
 36   114.370 53463.08771312  5.30 297.216388   8.334360  3.135
 36   108.882 53463.08771377  5.53 297.215658   8.337660  3.135
 36   105.781 53463.08771441  5.62 297.214918   8.340970  3.135
 36   102.420 53463.08771506  4.80 297.214178   8.344270  3.135
 36    97.763 53463.08771570  4.87 297.213448   8.347570  3.135
 36    94.137 53463.08771634  4.42 297.212708   8.350880  3.135
 36    89.984 53463.08771699  3.92 297.211968   8.354180  3.135
 36    85.675 53463.08771763  2.53 297.211228   8.357490  3.135
 36    82.004 53463.08771828  2.01 297.210498   8.360790  3.135
 36    78.862 53463.08771892  0.87 297.209752   8.364103  8.122
 36    74.468 53463.08771957  0.14 297.209022   8.367403  8.122
 36    69.066 53463.08772021  0.01 297.208282   8.370713  8.122
 37    35.267 53498.08778422 21.69 297.206954   8.331783 14.089
 37    35.201 53498.08778486 22.46 297.206214   8.335093 14.089
 37    33.987 53498.08778550 23.92 297.205484   8.338393 14.089
 38   121.444 53533.08776691  5.09 297.217450   8.334676  4.383
 38   118.216 53533.08776755  3.94 297.216710   8.337976  4.383
 38   114.678 53533.08776820  2.75 297.215980   8.341286  4.383
 38   110.408 53533.08776884  1.40 297.215240   8.344586  4.383
 38   108.072 53533.08776948  2.07 297.214500   8.347896  4.383
 38   104.039 53533.08777013  1.22 297.213760   8.351196  4.383
 38    98.791 53533.08777077  2.19 297.213030   8.354506  4.383
 38    97.064 53533.08777142  0.29 297.212290   8.357806  4.383
 38    85.883 53533.08777271  0.50 297.210820   8.364416  4.383
 38     9.311 53533.08777335 16.75 297.210080   8.367726  4.383
 38    12.914 53533.08777400 22.58 297.209342   8.371023 18.415
 38     8.439 53533.08777464 25.04 297.208602   8.374333 18.415
 38     8.649 53533.08777529 24.59 297.207872   8.377633 18.415
 38     9.323 53533.08777593 23.15 297.207132   8.380943 18.415
 39    35.425 53568.08778519 23.38 297.208663   8.332411  7.881
 39    34.571 53568.08778583 21.62 297.207923   8.335721  7.881
 39    33.851 53568.08778648 21.34 297.207186   8.339018  9.884
 39    35.149 53568.08778712 19.46 297.206446   8.342328  9.884
 39    33.478 53568.08778776 19.85 297.205716   8.345628  9.884
 39    30.068 53568.08778841 19.51 297.204976   8.348938  9.884
 39    30.519 53568.08778905 18.60 297.204236   8.352238  9.884
 39    28.324 53568.08778970 17.94 297.203506   8.355548  9.884
 39    22.905 53568.08779034 18.78 297.202766   8.358848  9.884
 39    20.611 53568.08779099 19.65 297.202026   8.362158  9.884
 39    12.241 53568.08779163 19.99 297.201296   8.365458  9.884
 39    12.191 53568.08779228 20.73 297.200556   8.368768  9.884
 40    38.861 53603.08773059 21.50 297.216419   8.334314  9.753
 40    38.838 53603.08773123 17.38 297.215679   8.337614  9.753
 40    36.761 53603.08773188 21.60 297.214949   8.340924  9.753
 40    35.639 53603.08773252 19.25 297.214209   8.344224  9.753
 40    33.750 53603.08773317 20.15 297.213469   8.347534  9.753
 40    29.769 53603.08773381 21.47 297.212739   8.350834  9.753
 40    25.768 53603.08773446 21.30 297.211999   8.354144  9.753
 40    12.429 53603.08773510 23.19 297.211259   8.357444  9.753
 40    11.663 53603.08773575 24.24 297.210529   8.360754  9.753
 40    16.999 53603.08773639 22.75 297.209789   8.364054  9.753
 40    11.230 53603.08773704 23.56 297.209049   8.367364  9.753
 40    11.685 53603.08773768 23.87 297.208319   8.370664  9.753
 40    12.039 53603.08773833 23.42 297.207579   8.373964  9.753
 40    12.620 53603.08773897 24.64 297.206845   8.377270  7.543
 41    35.695 53638.08772849 22.91 297.210560   8.331633  9.273
 41    34.739 53638.08772913 20.50 297.209830   8.334933  9.273
 41    34.406 53638.08772978 18.14 297.209090   8.338243  9.273
 41    32.883 53638.08773042 19.88 297.208350   8.341543  9.273
 41    31.865 53638.08773107 18.42 297.207610   8.344853  9.273
 41    31.183 53638.08773171 16.61 297.206880   8.348153  9.273
 41    30.005 53638.08773236 17.18 297.206140   8.351463  9.273
 41    27.121 53638.08773300 17.63 297.205400   8.354763  9.273
 41    27.420 53638.08773365 18.05 297.204670   8.358073  9.273
 41    21.051 53638.08773429 18.33 297.203930   8.361373  9.273
 41    11.219 53638.08773494 19.44 297.203190   8.364673  9.273
 41    10.726 53638.08773558 21.14 297.202450   8.367983  9.273
 43    40.782 53708.08768015 17.37 297.220997   8.333042  8.183
 43    34.471 53708.08768079 15.24 297.220257   8.336352  8.183
 43    32.767 53708.08768144 15.98 297.219517   8.339652  8.183
 43    32.027 53708.08768208 14.97 297.218787   8.342962  8.183
 43    31.624 53708.08768273 14.28 297.218047   8.346262  8.183
 43    22.072 53708.08768466 20.10 297.215837   8.356182  8.183
 43    23.347 53708.08768530 15.46 297.215107   8.359482  8.183
 43    19.692 53708.08768595 15.20 297.214367   8.362792  8.183
 43    17.179 53708.08768659 14.32 297.213627   8.366092  8.183
 43    14.092 53708.08768724 13.30 297.212897   8.369402  8.183
 44    34.671 53743.08759129 17.69 297.219335   8.333146 13.790
 44    34.055 53743.08759193 15.75 297.218605   8.336446 13.790
 44    38.635 53743.08759258 15.39 297.217865   8.339756 13.790
 44    31.064 53743.08759322 17.10 297.217125   8.343056 13.790
 44     7.555 53743.08759386 30.38 297.216395   8.346366 13.790
 44     8.414 53743.08759515 31.94 297.214925   8.352976 13.790
 44     8.632 53743.08759580 33.96 297.214185   8.356276 13.790
 44     6.932 53743.08759644 33.44 297.213445   8.359586 13.790
 44     7.591 53743.08759709 29.43 297.212715   8.362886 13.790
 44     7.557 53743.08759773 26.28 297.211975   8.366196 13.790
 44     6.667 53743.08759838 22.21 297.211235   8.369496 13.790
 44     7.158 53743.08759902 17.67 297.210505   8.372806 13.790
 44     7.889 53743.08759967 15.68 297.209765   8.376106 13.790
 44     9.493 53743.08760031 16.80 297.209025   8.379416 13.790
 44    11.167 53743.08760096 16.03 297.208294   8.382714 23.584
 45    33.865 53778.08761813 22.29 297.219426   8.332993 14.995
 45    32.666 53778.08761878 23.11 297.218696   8.336293 14.995
 45    32.242 53778.08761942 22.27 297.217956   8.339603 14.995
 45    31.464 53778.08762007 19.74 297.217216   8.342903 14.995
 45    29.702 53778.08762071 19.56 297.216486   8.346213 14.995
 45     7.521 53778.08762200 27.49 297.215006   8.352823 14.995
 45     7.742 53778.08762265 26.79 297.214266   8.356123 14.995
 45     8.660 53778.08762329 28.58 297.213536   8.359433 14.995
 45     7.290 53778.08762394 26.64 297.212796   8.362733 14.995
 45     7.118 53778.08762458 21.60 297.212056   8.366043 14.995
 45     7.246 53778.08762523 18.68 297.211326   8.369343 14.995
 45    10.842 53778.08762587 16.27 297.210586   8.372653 14.995
 46   120.790 53813.08759347  4.05 297.218486   8.333076  3.603
 46   112.619 53813.08759412  4.57 297.217746   8.336376  3.603
 46   110.724 53813.08759476  3.59 297.217016   8.339686  3.603
 46   104.819 53813.08759541  3.89 297.216276   8.342986  3.603
 46   102.338 53813.08759605  4.29 297.215536   8.346296  3.603
 46    94.144 53813.08759734  3.61 297.214066   8.352906  3.603
 46    88.962 53813.08759799  3.20 297.213326   8.356206  3.603
 46    84.736 53813.08759863  2.54 297.212596   8.359516  3.603
 46    82.671 53813.08759927  1.27 297.211856   8.362816  3.603
 46    76.452 53813.08759992  1.02 297.211126   8.366126  3.603
 46    71.326 53813.08760056  0.98 297.210386   8.369426  3.603
 47    35.521 53848.08764956 21.29 297.210663   8.332568 10.067
 47    34.341 53848.08765021 24.65 297.209933   8.335878 10.067
 47    32.946 53848.08765085 22.93 297.209193   8.339178 10.067
 47    32.220 53848.08765150 18.56 297.208453   8.342488 10.067
 47    30.154 53848.08765214 18.96 297.207723   8.345788 10.067
 47    29.233 53848.08765279 16.93 297.206983   8.349098 10.067
 47    26.486 53848.08765343 16.85 297.206243   8.352398 10.067
 47    32.518 53848.08765408 15.67 297.205503   8.355708 10.067
 47    22.335 53848.08765472 14.69 297.204773   8.359008 10.067
 47    19.863 53848.08765537 14.62 297.204033   8.362318 10.067
 47    25.946 53848.08765601 13.63 297.203293   8.365618 10.067
 47    20.963 53848.08765666 13.51 297.202563   8.368928 10.067
 47    17.778 53848.08765730 13.00 297.201823   8.372228 10.067
 49    37.599 53918.08773417 17.39 297.203177   8.346885 15.143
 49    36.771 53918.08773482 16.29 297.202447   8.350195 15.143
 49    34.375 53918.08773546 15.26 297.201707   8.353495 15.143
 49    32.103 53918.08773611 16.22 297.200967   8.356805 15.143
 49    29.260 53918.08773675 16.38 297.200237   8.360105 15.143
 49    26.413 53918.08773740 16.53 297.199497   8.363415 15.143
 49    11.806 53918.08773804 17.44 297.198757   8.366715 15.143
 50    85.612 53953.08773746  7.19 297.202195   8.347436 25.019
 50    37.329 53953.08773811 12.86 297.201465   8.350736 25.019
 50    18.624 53953.08773875 20.56 297.200725   8.354046 25.019
 50    17.463 53953.08773940 23.05 297.199985   8.357346 25.019
 50    19.343 53953.08774004 22.49 297.199255   8.360656 25.019
 50    20.207 53953.08774069 23.23 297.198515   8.363956 25.019
 52    34.947 54023.08771394 17.95 297.214740   8.332326  9.976
 52    34.414 54023.08771459 22.88 297.214000   8.335626  9.976
 52    33.113 54023.08771523 20.12 297.213270   8.338936  9.976
 52    41.834 54023.08771588 18.76 297.212530   8.342236  9.976
 52    40.620 54023.08771652 17.06 297.211790   8.345546  9.976
 52    39.048 54023.08771716 16.41 297.211060   8.348846  9.976
 52    37.588 54023.08771781 15.80 297.210320   8.352156  9.976
 52    36.001 54023.08771845 15.74 297.209580   8.355456  9.976
 52    33.421 54023.08771910 14.85 297.208840   8.358766  9.976
 52    31.094 54023.08771974 16.18 297.208110   8.362066  9.976
 52    27.057 54023.08772039 17.18 297.207370   8.365376  9.976
 52    24.253 54023.08772103 18.06 297.206630   8.368676  9.976
 52    11.258 54023.08772168 19.55 297.205900   8.371986  9.976
 52    11.560 54023.08772232 21.83 297.205160   8.375286  9.976
 53   122.167 54058.08770612  4.06 297.221613   8.334107  3.346
 53   120.324 54058.08770676  3.78 297.220873   8.337407  3.346
 53   116.806 54058.08770741  3.32 297.220133   8.340707  3.346
 53   114.442 54058.08770805  2.91 297.219403   8.344017  3.346
 53   109.494 54058.08770870  2.59 297.218663   8.347317  3.346
 53    99.384 54058.08771063  2.96 297.216453   8.357237  3.346
 53    86.751 54058.08771128  3.23 297.215713   8.360537  3.346
 53    82.199 54058.08771192  2.60 297.214973   8.363847  3.346
 53    78.521 54058.08771257  2.16 297.214243   8.367147  3.346
 53    73.639 54058.08771321  1.08 297.213503   8.370457  3.346
 53    67.786 54058.08771385  1.09 297.212763   8.373757  3.346
 53    45.446 54058.08771643  2.02 297.209823   8.386977  3.346
 54    34.244 54093.08768710 20.92 297.215203   8.335448  9.446
 54    33.376 54093.08768774 22.53 297.214473   8.338748  9.446
 54    31.627 54093.08768839 24.11 297.213733   8.342048  9.446
 54    30.665 54093.08768903 21.06 297.212993   8.345358  9.446
 54    40.002 54093.08768967 19.31 297.212263   8.348658  9.446
 54    37.853 54093.08769032 20.98 297.211523   8.351968  9.446
 54    24.722 54093.08769096 20.27 297.210783   8.355268  9.446
 54    33.411 54093.08769161 19.56 297.210053   8.358578  9.446
 54     6.841 54093.08769225 20.02 297.209313   8.361878  9.446
 54    27.442 54093.08769290 19.62 297.208583   8.365188  9.446
 54    23.882 54093.08769354 18.56 297.207843   8.368488  9.446
 54    21.570 54093.08769419 18.57 297.207103   8.371798  9.446
 54    18.600 54093.08769483 17.92 297.206373   8.375098  9.446
 54     8.884 54093.08769548 18.01 297.205633   8.378408  9.446
 55   119.547 54128.08762418  4.30 297.214870   8.333172  3.496
 55   108.674 54128.08762482  6.91 297.214140   8.336482  3.496
 55   105.172 54128.08762547  5.62 297.213400   8.339782  3.496
 55   101.840 54128.08762611  4.59 297.212660   8.343092  3.496
 55    97.919 54128.08762676  6.12 297.211930   8.346392  3.496
 55    92.102 54128.08762740  6.21 297.211190   8.349702  3.496
 55    90.420 54128.08762805  3.53 297.210450   8.353002  3.496
 55    87.960 54128.08762869  2.27 297.209710   8.356312  3.496
 55    82.153 54128.08762934  2.01 297.208980   8.359612  3.496
 55    78.017 54128.08762998  1.52 297.208240   8.362922  3.496
 55    74.012 54128.08763063  0.18 297.207500   8.366222  3.496
 55    69.634 54128.08763127  0.14 297.206760   8.369532  3.496
 56    35.780 54163.08765663 21.17 297.213437   8.333674 11.057
 56    45.885 54163.08765727 18.96 297.212697   8.336974 11.057
 56    45.849 54163.08765792 21.45 297.211967   8.340284 11.057
 56    45.192 54163.08765856 20.64 297.211227   8.343584 11.057
 56    29.175 54163.08765921 24.88 297.210497   8.346894 11.057
 56    26.088 54163.08765985 23.78 297.209757   8.350194 11.057
 56     5.550 54163.08766050 23.48 297.209017   8.353504 11.057
 56     5.345 54163.08766114 22.78 297.208277   8.356804 11.057
 56     5.492 54163.08766179 21.33 297.207547   8.360114 11.057
 56     6.083 54163.08766243 17.75 297.206807   8.363414 11.057
 56    27.216 54163.08766308 15.34 297.206067   8.366724 11.057
 56    12.383 54163.08766372 15.65 297.205337   8.370024 11.057
 57   113.775 54198.08762635  6.11 297.214147   8.333516  3.477
 57   108.052 54198.08762699  6.89 297.213407   8.336826  3.477
 57   105.409 54198.08762764  5.16 297.212667   8.340126  3.477
 57   101.781 54198.08762828  5.47 297.211927   8.343436  3.477
 57    96.434 54198.08762893  5.08 297.211197   8.346736  3.477
 57    94.476 54198.08762957  4.44 297.210457   8.350046  3.477
 57    89.796 54198.08763022  3.36 297.209717   8.353346  3.477
 57    85.770 54198.08763086  2.23 297.208987   8.356656  3.477
 57    81.396 54198.08763151  1.56 297.208247   8.359956  3.477
 57    77.044 54198.08763215  1.23 297.207507   8.363256  3.477
 57    73.338 54198.08763280  0.18 297.206767   8.366566  3.477
 57    68.999 54198.08763344  0.15 297.206037   8.369866  3.477
 58   101.302 54233.08767036  9.65 297.214839   8.334074  5.622
 58   100.731 54233.08767101  8.00 297.214099   8.337384  5.622
 58   103.811 54233.08767165  6.17 297.213359   8.340684  5.622
 58    99.292 54233.08767230  7.00 297.212629   8.343994  5.622
 58    96.908 54233.08767294  5.26 297.211889   8.347294  5.622
 58    94.261 54233.08767359  4.27 297.211149   8.350604  5.622
 58    89.724 54233.08767423  3.70 297.210409   8.353904  5.622
 58    86.367 54233.08767488  3.38 297.209679   8.357214  5.622
 58    81.409 54233.08767552  1.88 297.208939   8.360514  5.622
 58    78.263 54233.08767617  1.01 297.208199   8.363824  5.622
 58    73.317 54233.08767681  0.49 297.207459   8.367124  5.622
 58    67.897 54233.08767746  0.77 297.206729   8.370424  5.622
 59   100.634 54268.08768948 10.79 297.215167   8.334286  4.092
 59   103.795 54268.08769012 10.05 297.214427   8.337596  4.092
 59   103.192 54268.08769077  8.62 297.213687   8.340896  4.092
 59    97.050 54268.08769141  8.81 297.212957   8.344206  4.092
 59    88.743 54268.08769206  9.22 297.212217   8.347506  4.092
 59    90.597 54268.08769270  7.20 297.211477   8.350816  4.092
 59    88.319 54268.08769335  5.97 297.210737   8.354116  4.092
 59    84.679 54268.08769399  5.11 297.210007   8.357426  4.092
 59    80.368 54268.08769464  4.52 297.209267   8.360726  4.092
 59    77.010 54268.08769528  3.01 297.208527   8.364036  4.092
 59    73.067 54268.08769593  2.68 297.207797   8.367336  4.092
 59    67.498 54268.08769657  2.60 297.207057   8.370646  4.092
 59    63.314 54268.08769722  1.97 297.206317   8.373943  9.602
 59    58.411 54268.08769786  1.61 297.205577   8.377253  9.602
 60   110.708 54303.08769279  8.56 297.215752   8.333533  3.546
 60   107.659 54303.08769344  8.26 297.215012   8.336833  3.546
 60   105.028 54303.08769408  7.55 297.214282   8.340143  3.546
 60   101.239 54303.08769473  7.74 297.213542   8.343443  3.546
 60    97.903 54303.08769537  6.05 297.212802   8.346753  3.546
 60    93.038 54303.08769602  6.04 297.212072   8.350053  3.546
 60    88.431 54303.08769666  5.78 297.211332   8.353363  3.546
 60    85.591 54303.08769731  4.70 297.210592   8.356663  3.546
 60    82.181 54303.08769795  3.13 297.209862   8.359973  3.546
 60    78.218 54303.08769859  2.37 297.209122   8.363273  3.546
 60    73.720 54303.08769924  2.05 297.208382   8.366583  3.546
 60    69.480 54303.08769988  1.84 297.207652   8.369883  3.546
 60    64.539 54303.08770053  0.23 297.206912   8.373193  3.546
 60    59.383 54303.08770117  0.71 297.206172   8.376489  9.949
 60    52.722 54303.08770182  1.36 297.205432   8.379799  9.949
 61    34.489 54338.08767848 27.85 297.215470   8.334667 11.310
 61    34.233 54338.08767913 25.56 297.214730   8.337967 11.310
 61    33.585 54338.08767977 22.84 297.214000   8.341277 11.310
 61    32.134 54338.08768042 20.81 297.213260   8.344577 11.310
 61    31.054 54338.08768106 20.59 297.212530   8.347887 11.310
 61    25.620 54338.08768171 21.19 297.211790   8.351187 11.310
 61    15.341 54338.08768235 23.30 297.211050   8.354497 11.310
 61    13.207 54338.08768300 24.33 297.210310   8.357797 11.310
 61    13.468 54338.08768364 24.82 297.209580   8.361107 11.310
 61    13.614 54338.08768428 24.72 297.208840   8.364407 11.310
 61    13.242 54338.08768493 25.00 297.208100   8.367717 11.310
 61    13.145 54338.08768557 24.33 297.207370   8.371017 11.310
 61    14.584 54338.08768622 24.27 297.206630   8.374317 11.310
 62    35.692 54373.08762609 20.11 297.215168   8.333931  7.829
 62    35.003 54373.08762673 20.12 297.214428   8.337241  7.829
 62    34.204 54373.08762738 19.00 297.213688   8.340541  7.829
 62    32.658 54373.08762802 18.92 297.212958   8.343851  7.829
 62    31.336 54373.08762866 18.82 297.212218   8.347151  7.829
 62    29.332 54373.08762931 18.51 297.211478   8.350461  7.829
 62    27.361 54373.08762995 17.98 297.210748   8.353761  7.829
 62    24.448 54373.08763060 18.89 297.210008   8.357071  7.829
 62    21.343 54373.08763124 20.11 297.209268   8.360371  7.829
 62    11.498 54373.08763189 20.60 297.208538   8.363681  7.829
 62    11.449 54373.08763253 22.34 297.207798   8.366981  7.829
 62    13.698 54373.08763318 21.71 297.207058   8.370291  7.829
 63    36.370 54408.08762372 20.10 297.214092   8.334087  5.953
 63    35.172 54408.08762436 19.83 297.213352   8.337387  5.953
 63    35.688 54408.08762501 16.60 297.212612   8.340697  5.953
 63    33.711 54408.08762565 14.06 297.211872   8.343997  5.953
 63    32.033 54408.08762630 14.79 297.211142   8.347307  5.953
 63    41.492 54408.08762694 14.08 297.210402   8.350607  5.953
 63    28.358 54408.08762759 15.01 297.209672   8.353917  5.953
 63    25.092 54408.08762823 14.62 297.208932   8.357217  5.953
 63    20.959 54408.08762888 16.43 297.208192   8.360527  5.953
 63    18.797 54408.08762952 17.23 297.207452   8.363827  5.953
 63     9.596 54408.08763017 18.29 297.206722   8.367137  5.953
 64   110.124 54443.08758652  7.66 297.214684   8.333805  4.140
 64   104.101 54443.08758717  8.23 297.213944   8.337115  4.140
 64   101.286 54443.08758781  7.81 297.213214   8.340415  4.140
 64   100.238 54443.08758845  6.96 297.212474   8.343725  4.140
 64    96.832 54443.08758910  6.90 297.211734   8.347025  4.140
 64    92.620 54443.08758974  6.34 297.210994   8.350335  4.140
 64    89.586 54443.08759039  5.56 297.210264   8.353635  4.140
 64    85.725 54443.08759103  4.49 297.209524   8.356945  4.140
 64    81.306 54443.08759168  3.11 297.208784   8.360245  4.140
 64    77.272 54443.08759232  3.10 297.208044   8.363555  4.140
 64    72.353 54443.08759297  2.07 297.207314   8.366855  4.140
 64    68.337 54443.08759361  1.43 297.206574   8.370165  4.140
 64    65.082 54443.08759426  1.06 297.205834   8.373465  4.140
 64    59.489 54443.08759490  0.00 297.205094   8.376775  4.140
 65   116.588 54478.08761267  4.82 297.216125   8.332521  3.739
 65   113.127 54478.08761332  4.63 297.215385   8.335831  3.739
 65   107.311 54478.08761396  5.36 297.214645   8.339131  3.739
 65   103.695 54478.08761461  5.66 297.213915   8.342441  3.739
 65   100.146 54478.08761525  4.39 297.213175   8.345741  3.739
 65    95.722 54478.08761589  4.60 297.212435   8.349051  3.739
 65    91.746 54478.08761654  4.23 297.211705   8.352351  3.739
 65    89.045 54478.08761718  3.40 297.210965   8.355661  3.739
 65    85.518 54478.08761783  2.33 297.210225   8.358961  3.739
 65    81.370 54478.08761847  1.25 297.209485   8.362271  3.739
 65    76.436 54478.08761912  1.10 297.208755   8.365571  3.739
 65    71.312 54478.08761976  0.04 297.208015   8.368881  3.739
 66   114.999 54513.08760141  6.09 297.215257   8.332917  3.424
 66   108.519 54513.08760206  7.84 297.214517   8.336227  3.424
 66   106.004 54513.08760270  6.67 297.213787   8.339527  3.424
 66   105.117 54513.08760335  5.71 297.213047   8.342837  3.424
 66    98.698 54513.08760399  4.61 297.212307   8.346137  3.424
 66    95.727 54513.08760464  4.45 297.211577   8.349447  3.424
 66    90.813 54513.08760528  3.98 297.210837   8.352747  3.424
 66    85.540 54513.08760593  4.07 297.210097   8.356057  3.424
 66    84.316 54513.08760657  2.01 297.209357   8.359357  3.424
 66    81.542 54513.08760722  1.60 297.208627   8.362657  3.424
 66    75.291 54513.08760786  1.27 297.207880   8.365972  8.491
 66    68.893 54513.08760851  1.00 297.207150   8.369272  8.491
 67   114.597 54548.08762656  4.11 297.215096   8.333378  3.453
 67   111.744 54548.08762720  4.43 297.214356   8.336678  3.453
 67   107.266 54548.08762785  5.44 297.213626   8.339988  3.453
 67   104.583 54548.08762849  4.88 297.212886   8.343288  3.453
 67    98.225 54548.08762914  4.92 297.212146   8.346598  3.453
 67    95.409 54548.08762978  3.80 297.211416   8.349898  3.453
 67    91.053 54548.08763043  3.03 297.210676   8.353208  3.453
 67    86.748 54548.08763107  3.14 297.209936   8.356508  3.453
 67    83.706 54548.08763171  1.16 297.209196   8.359808  3.453
 67    80.217 54548.08763236  1.21 297.208466   8.363118  3.453
 67    75.576 54548.08763300  0.43 297.207726   8.366418  3.453
 67    68.791 54548.08763365  0.06 297.206989   8.369723  8.341
 68   115.926 54583.08759748  5.88 297.215893   8.332531  6.251
 68   113.282 54583.08759813  6.33 297.215153   8.335841  6.251
 68   106.370 54583.08759877  5.42 297.214423   8.339141  6.251
 68   103.413 54583.08759942  5.05 297.213683   8.342451  6.251
 68    98.197 54583.08760006  5.87 297.212943   8.345751  6.251
 68    95.038 54583.08760071  5.62 297.212213   8.349061  6.251
 68    91.622 54583.08760135  4.83 297.211473   8.352361  6.251
 68    90.417 54583.08760200  2.67 297.210733   8.355671  6.251
 68    83.603 54583.08760264  2.78 297.210003   8.358971  6.251
 68    79.264 54583.08760329  2.02 297.209263   8.362271  6.251
 68    77.187 54583.08760393  0.31 297.208522   8.365576  7.840
 69    93.283 54618.08761826 15.21 297.215113   8.333788  8.551
 69    35.654 54618.08761890 16.57 297.214373   8.337098  8.551
 69    34.603 54618.08761955 16.73 297.213643   8.340398  8.551
 69    30.984 54618.08762019 19.43 297.212903   8.343708  8.551
 69     7.223 54618.08762083 21.62 297.212163   8.347008  8.551
 69     7.194 54618.08762148 23.91 297.211433   8.350318  8.551
 69     7.217 54618.08762212 21.76 297.210693   8.353618  8.551
 69     7.321 54618.08762277 20.92 297.209953   8.356928  8.551
 69     7.413 54618.08762341 21.05 297.209213   8.360228  8.551
 69     8.200 54618.08762406 21.00 297.208483   8.363538  8.551
 69     8.293 54618.08762470 20.85 297.207742   8.366835  4.816
 69     8.523 54618.08762535 19.45 297.207002   8.370145  4.816
 69     9.457 54618.08762599 19.29 297.206272   8.373445  4.816
 69     8.668 54618.08762664 20.73 297.205532   8.376755  4.816
 70    46.602 54653.08763012 14.68 297.212956   8.334703  6.090
 70    45.871 54653.08763077 15.13 297.212216   8.338013  6.090
 70    44.220 54653.08763141 14.19 297.211486   8.341313  6.090
 70    42.976 54653.08763206 14.45 297.210746   8.344623  6.090
 70    40.424 54653.08763270 14.40 297.210006   8.347923  6.090
 70    27.849 54653.08763334 15.24 297.209276   8.351233  6.090
 70    11.389 54653.08763399 15.00 297.208536   8.354533  6.090
 70    33.130 54653.08763463 14.10 297.207796   8.357843  6.090
 70    10.778 54653.08763528 14.97 297.207066   8.361143  6.090
 70     9.607 54653.08763592 15.38 297.206326   8.364453  6.090
 70     9.333 54653.08763657 17.08 297.205586   8.367759  6.963
 70    10.273 54653.08763721 17.35 297.204846   8.371059  6.963
 70     9.707 54653.08763786 19.08 297.204116   8.374359  6.963
 71    36.489 54688.08761937 15.75 297.214739   8.333448  8.071
 71    34.880 54688.08762001 19.80 297.214009   8.336758  8.071
 71    12.249 54688.08762130 20.45 297.212539   8.343368  8.071
 71    13.315 54688.08762195 19.14 297.211799   8.346668  8.071
 71    13.568 54688.08762259 19.83 297.211059   8.349978  8.071
 71    13.328 54688.08762324 19.89 297.210329   8.353278  8.071
 71    13.627 54688.08762388 20.48 297.209589   8.356588  8.071
 71    13.245 54688.08762452 20.97 297.208849   8.359888  8.071
 71    12.416 54688.08762517 20.71 297.208109   8.363198  8.071
 71    13.119 54688.08762581 21.46 297.207379   8.366498  8.071
 71    13.478 54688.08762646 21.55 297.206639   8.369798  8.071
 71    13.891 54688.08762710 22.77 297.205902   8.373104 24.486
 71    13.826 54688.08762775 24.72 297.205162   8.376414 24.486
 72    36.569 54723.08757796 17.54 297.214656   8.334939  5.929
 72    33.927 54723.08757861 19.12 297.213916   8.338239  5.929
 72    32.079 54723.08757925 17.70 297.213176   8.341549  5.929
 72    29.614 54723.08758054 17.38 297.211706   8.348159  5.929
 72    13.120 54723.08758119 18.36 297.210966   8.351459  5.929
 72    12.577 54723.08758183 19.44 297.210226   8.354769  5.929
 72    12.384 54723.08758247 18.78 297.209486   8.358069  5.929
 72    12.171 54723.08758312 19.35 297.208756   8.361379  5.929
 72    11.747 54723.08758376 19.73 297.208010   8.364675 21.961
 72    12.743 54723.08758441 19.85 297.207280   8.367985 21.961
 72    12.851 54723.08758505 20.40 297.206540   8.371285 21.961
 72    13.551 54723.08758570 21.90 297.205800   8.374595 21.961
 72    13.545 54723.08758634 22.99 297.205070   8.377895 21.961
 73    35.988 54758.08759493 16.24 297.214116   8.334077  4.604
 73    31.794 54758.08759686 17.78 297.211906   8.343997  4.604
 73    40.691 54758.08759751 17.16 297.211168   8.347294 13.790
 73    27.643 54758.08759815 18.33 297.210428   8.350604 13.790
 73    26.210 54758.08759879 17.55 297.209698   8.353904 13.790
 73    24.799 54758.08759944 17.37 297.208958   8.357214 13.790
 73     9.896 54758.08760008 17.84 297.208218   8.360514 13.790
 73    20.400 54758.08760073 17.68 297.207488   8.363824 13.790
 73    15.498 54758.08760137 19.07 297.206748   8.367124 13.790
 73    12.388 54758.08760202 20.03 297.206008   8.370434 13.790
 73    11.084 54758.08760266 21.37 297.205278   8.373734 13.790
 73    11.241 54758.08760331 23.04 297.204538   8.377044 13.790
 74   110.994 54793.08757028  7.28 297.213065   8.333110  5.306
 74   108.040 54793.08757093  6.35 297.212335   8.336420  5.306
 74   104.226 54793.08757157  6.18 297.211595   8.339720  5.306
 74   100.593 54793.08757221  6.15 297.210855   8.343030  5.306
 74    96.833 54793.08757286  5.80 297.210115   8.346330  5.306
 74    93.824 54793.08757350  5.19 297.209385   8.349640  5.306
 74    90.676 54793.08757415  4.46 297.208645   8.352940  5.306
 74    86.300 54793.08757479  3.48 297.207905   8.356240  5.306
 74    80.308 54793.08757544  3.21 297.207165   8.359550  5.306
 74    78.008 54793.08757608  2.37 297.206435   8.362850  5.306
 74    73.242 54793.08757673  1.79 297.205689   8.366163  8.810
 74    69.561 54793.08757737  0.83 297.204959   8.369463  8.810
 75   112.518 54828.08759308  7.54 297.214870   8.333095  3.660
 75   108.056 54828.08759372  8.33 297.214130   8.336395  3.660
 75   104.256 54828.08759437  7.56 297.213400   8.339705  3.660
 75   100.456 54828.08759501  8.02 297.212660   8.343005  3.660
 75    97.588 54828.08759566  7.32 297.211920   8.346315  3.660
 75    92.358 54828.08759630  6.26 297.211180   8.349615  3.660
 75    89.816 54828.08759695  5.99 297.210450   8.352925  3.660
 75    85.689 54828.08759759  4.23 297.209710   8.356225  3.660
 75    83.402 54828.08759824  3.39 297.208970   8.359535  3.660
 75    77.866 54828.08759888  3.10 297.208240   8.362835  3.660
 75    74.129 54828.08759952  1.48 297.207500   8.366145  3.660
 75    68.871 54828.08760017  1.27 297.206759   8.369451  9.433
 75    66.343 54828.08760081  1.26 297.206029   8.372751  9.433
 75    60.150 54828.08760146  0.69 297.205289   8.376051  9.433
 76   106.233 54863.08756518  9.88 297.214580   8.334619  5.560
 76   106.111 54863.08756582  7.57 297.213850   8.337919  5.560
 76   102.965 54863.08756647  7.49 297.213110   8.341229  5.560
 76    99.931 54863.08756711  5.89 297.212370   8.344529  5.560
 76    94.956 54863.08756776  5.64 297.211640   8.347839  5.560
 76    93.647 54863.08756840  4.37 297.210900   8.351139  5.560
 76    89.488 54863.08756904  3.74 297.210160   8.354449  5.560
 76    84.530 54863.08756969  3.14 297.209420   8.357749  5.560
 76    81.179 54863.08757033  2.24 297.208690   8.361059  5.560
 76    78.314 54863.08757098  1.45 297.207945   8.364356  8.380
 76    72.315 54863.08757162  0.46 297.207215   8.367666  8.380
 76    68.068 54863.08757227  0.18 297.206475   8.370966  8.380
 77   111.526 54898.08759279  4.91 297.213555   8.333742  3.588
 77   111.414 54898.08759343  5.36 297.212815   8.337042  3.588
 77   103.874 54898.08759408  5.78 297.212085   8.340352  3.588
 77   101.060 54898.08759472  4.95 297.211345   8.343652  3.588
 77    97.316 54898.08759537  4.36 297.210605   8.346962  3.588
 77    93.998 54898.08759601  3.49 297.209865   8.350262  3.588
 77    92.217 54898.08759666  3.29 297.209135   8.353572  3.588
 77    86.172 54898.08759730  2.43 297.208395   8.356872  3.588
 77    81.027 54898.08759795  1.48 297.207655   8.360182  3.588
 77    78.000 54898.08759859  0.68 297.206925   8.363482  3.588
 77    74.003 54898.08759924  1.01 297.206185   8.366792  3.588
 77    68.309 54898.08759988  0.66 297.205447   8.370097  7.845
 78    48.227 54933.08755988 16.97 297.213353   8.334656  9.891
 78    36.683 54933.08756053 16.64 297.212613   8.337966  9.891
 78    45.556 54933.08756117 14.35 297.211883   8.341266  9.891
 78    32.919 54933.08756182 18.31 297.211143   8.344576  9.891
 78     6.490 54933.08756246 26.64 297.210403   8.347876  9.891
 78     5.038 54933.08756311 25.52 297.209673   8.351186  9.891
 78    28.767 54933.08756375 18.36 297.208933   8.354486  9.891
 78    26.086 54933.08756440 16.71 297.208193   8.357786  9.891
 78    23.788 54933.08756504 15.76 297.207453   8.361096  9.891
 79   113.940 54968.08759495  3.61 297.214182   8.335137  3.445
 79   107.653 54968.08759560  4.95 297.213442   8.338447  3.445
 79   103.561 54968.08759624  5.35 297.212712   8.341747  3.445
 79    99.955 54968.08759689  5.23 297.211972   8.345057  3.445
 79    95.106 54968.08759753  4.98 297.211232   8.348357  3.445
 79    91.430 54968.08759818  4.40 297.210502   8.351667  3.445
 79    86.685 54968.08759882  3.13 297.209762   8.354967  3.445
 79    84.597 54968.08759947  1.54 297.209022   8.358277  3.445
 79    80.916 54968.08760011  1.20 297.208292   8.361577  3.445
 79    77.555 54968.08760076  0.71 297.207552   8.364887  3.445
 79    71.279 54968.08760140  0.09 297.206811   8.368184  7.267
 80    38.555 55003.08761392 18.64 297.212066   8.331887  8.997
 80    37.277 55003.08761457 15.21 297.211326   8.335187  8.997
 80    36.703 55003.08761521 18.62 297.210596   8.338497  8.997
 80    36.241 55003.08761586 15.36 297.209856   8.341797  8.997
 80    33.649 55003.08761650 14.32 297.209116   8.345107  8.997
 80    32.314 55003.08761715 17.23 297.208376   8.348407  8.997
 80    38.682 55003.08761779 14.33 297.207646   8.351717  8.997
 80    38.086 55003.08761844 14.28 297.206906   8.355017  8.997
 80    26.778 55003.08761908 15.70 297.206166   8.358327  8.997
 80    23.791 55003.08761973 15.44 297.205436   8.361627  8.997
 81    49.915 55038.08760056 16.48 297.216117   8.332852  7.238
 81    36.830 55038.08760121 16.87 297.215377   8.336152  7.238
 81    35.720 55038.08760185 14.18 297.214637   8.339462  7.238
 81    45.492 55038.08760250 13.48 297.213907   8.342762  7.238
 81    32.833 55038.08760314 14.26 297.213167   8.346072  7.238
 81    31.802 55038.08760378 16.38 297.212427   8.349372  7.238
 81    28.624 55038.08760443 15.39 297.211697   8.352682  7.238
 81    26.444 55038.08760507 15.57 297.210957   8.355982  7.238
 81    25.194 55038.08760572 15.43 297.210217   8.359292  7.238
 81    21.963 55038.08760636 15.95 297.209487   8.362592  7.238
 81    18.698 55038.08760701 17.40 297.208747   8.365902  7.238
 81    15.978 55038.08760765 17.89 297.208007   8.369207  6.951
 81    12.146 55038.08760830 20.21 297.207267   8.372507  6.951
 82    38.228 55073.08758696 15.82 297.214475   8.334796  6.347
 82    37.474 55073.08758760 14.56 297.213735   8.338096  6.347
 82    35.064 55073.08758825 16.41 297.213005   8.341406  6.347
 82    32.213 55073.08758889 17.20 297.212265   8.344706  6.347
 82    31.146 55073.08758954 16.09 297.211525   8.348016  6.347
 82    13.443 55073.08759018 17.87 297.210785   8.351316  6.347
 82    12.129 55073.08759083 19.30 297.210055   8.354626  6.347
 82    11.378 55073.08759147 19.10 297.209315   8.357926  6.347
 82    10.831 55073.08759212 20.02 297.208575   8.361236  6.347
 82    10.481 55073.08759276 21.11 297.207845   8.364536  6.347
 82    10.904 55073.08759341 21.16 297.207105   8.367846  6.347
 83    94.937 55108.08753325 13.31 297.213629   8.334009  7.609
 83    96.083 55108.08753389 12.43 297.212889   8.337319  7.609
 83    90.687 55108.08753453 12.38 297.212159   8.340619  7.609
 83    86.647 55108.08753518 14.20 297.211419   8.343929  7.609
 83    84.342 55108.08753582 13.19 297.210679   8.347229  7.609
 83    75.489 55108.08753840  8.79 297.207729   8.360449  7.609
 83    71.941 55108.08753905  7.51 297.206999   8.363759  7.609
 83    70.851 55108.08753969  4.00 297.206254   8.367065 10.938
 83    67.920 55108.08754034  2.31 297.205524   8.370365 10.938
 83    63.113 55108.08754098  1.49 297.204784   8.373665 10.938
 83    56.415 55108.08754163  3.11 297.204044   8.376975 10.938
 84    38.979 55143.08753740 15.44 297.213734   8.333501  8.451
 84    38.466 55143.08753805 13.16 297.212994   8.336801  8.451
 84    37.727 55143.08753869 13.38 297.212254   8.340111  8.451
 84    35.830 55143.08753934 17.55 297.211524   8.343411  8.451
 84    34.700 55143.08753998 13.02 297.210784   8.346721  8.451
 84    32.579 55143.08754063 19.29 297.210044   8.350021  8.451
 84    30.664 55143.08754127 16.91 297.209314   8.353331  8.451
 84    27.906 55143.08754192 14.70 297.208574   8.356631  8.451
 84    25.120 55143.08754256 13.16 297.207834   8.359941  8.451
 84    22.894 55143.08754320 13.04 297.207104   8.363241  8.451
 84    19.043 55143.08754385 15.11 297.206364   8.366541  8.451
 84    16.021 55143.08754449 15.57 297.205625   8.369846 13.335
 84    13.116 55143.08754514 16.55 297.204885   8.373156 13.335
 85    37.883 55178.08750540 14.66 297.214642   8.334440 10.013
 85    37.218 55178.08750604 13.71 297.213912   8.337740 10.013
 85    35.585 55178.08750668 14.99 297.213172   8.341050 10.013
 85    32.986 55178.08750733 19.24 297.212432   8.344350 10.013
 85     7.224 55178.08750797 26.23 297.211692   8.347660 10.013
 85     6.078 55178.08750862 26.01 297.210962   8.350960 10.013
 85     6.921 55178.08750926 22.90 297.210222   8.354270 10.013
 85    26.246 55178.08750991 19.33 297.209482   8.357570 10.013
 85    23.613 55178.08751055 16.91 297.208752   8.360870 10.013
 85    21.105 55178.08751120 16.20 297.208005   8.364184  3.371
 85    18.649 55178.08751184 15.64 297.207275   8.367484  3.371
 86   119.008 55213.08753239  4.63 297.214478   8.333580  3.391
 86   107.441 55213.08753303  6.86 297.213738   8.336880  3.391
 86   105.179 55213.08753368  6.35 297.213008   8.340190  3.391
 86   102.098 55213.08753432  5.41 297.212268   8.343490  3.391
 86    97.511 55213.08753497  4.84 297.211528   8.346800  3.391
 86    92.994 55213.08753561  4.42 297.210788   8.350100  3.391
 86    89.002 55213.08753626  3.98 297.210058   8.353410  3.391
 86    85.461 55213.08753690  2.84 297.209318   8.356710  3.391
 86    84.339 55213.08753755  1.33 297.208578   8.360020  3.391
 86    79.121 55213.08753819  1.38 297.207848   8.363320  3.391
 86    73.066 55213.08753884  0.59 297.207108   8.366630  3.391
 86    68.788 55213.08753948  0.37 297.206368   8.369927  7.877
 87   115.127 55248.08750567  7.18 297.215265   8.333126  3.415
 87   109.935 55248.08750631  6.13 297.214525   8.336426  3.415
 87   106.439 55248.08750696  7.31 297.213785   8.339736  3.415
 87   100.104 55248.08750760  6.99 297.213055   8.343036  3.415
 87    98.322 55248.08750825  6.08 297.212315   8.346346  3.415
 87    96.098 55248.08750889  3.89 297.211575   8.349646  3.415
 87    91.052 55248.08750954  3.65 297.210845   8.352956  3.415
 87    87.300 55248.08751018  3.21 297.210105   8.356256  3.415
 87    85.179 55248.08751083  1.88 297.209365   8.359556  3.415
 87    80.098 55248.08751147  1.28 297.208625   8.362866  3.415
 87    75.318 55248.08751212  0.74 297.207895   8.366166  3.415
 87    69.970 55248.08751276  0.88 297.207151   8.369480  7.655
 88    38.509 55283.08752598 17.29 297.213828   8.334141 11.326
 88    48.429 55283.08752662 14.98 297.213088   8.337441 11.326
 88    45.549 55283.08752727 14.02 297.212358   8.340751 11.326
 88    33.691 55283.08752791 19.13 297.211618   8.344051 11.326
 88     6.313 55283.08752856 25.86 297.210878   8.347361 11.326
 88     5.426 55283.08752920 26.87 297.210138   8.350661 11.326
 88     5.117 55283.08752985 28.42 297.209408   8.353971 11.326
 88     6.163 55283.08753049 23.49 297.208668   8.357271 11.326
 88     5.330 55283.08753114 20.75 297.207928   8.360571 11.326
 88     5.998 55283.08753178 17.72 297.207198   8.363881 11.326
 89   114.440 55318.08749622  6.35 297.213359   8.332881  3.801
 89   111.417 55318.08749686  6.50 297.212629   8.336191  3.801
 89   107.997 55318.08749751  5.82 297.211889   8.339491  3.801
 89   104.497 55318.08749815  4.85 297.211149   8.342801  3.801
 89   101.167 55318.08749880  5.03 297.210409   8.346101  3.801
 89    93.975 55318.08749944  5.04 297.209679   8.349411  3.801
 89    90.415 55318.08750009  3.50 297.208939   8.352711  3.801
 89    86.834 55318.08750073  3.44 297.208199   8.356021  3.801
 89    81.741 55318.08750137  2.39 297.207469   8.359321  3.801
 89    76.599 55318.08750202  1.41 297.206729   8.362631  3.801
 89    74.305 55318.08750266  0.62 297.205990   8.365928  9.815
 89    69.952 55318.08750331  0.10 297.205250   8.369238  9.815
 90     9.955 55353.08749869 31.04 297.214830   8.332181 16.720
 90     9.874 55353.08749934 33.65 297.214090   8.335481 16.720
 90     9.797 55353.08749998 30.72 297.213360   8.338791 16.720
 90     9.636 55353.08750063 28.72 297.212620   8.342091 16.720
 90     9.537 55353.08750127 28.31 297.211880   8.345401 16.720
 90     9.100 55353.08750191 27.88 297.211150   8.348701 16.720
 90     8.203 55353.08750256 27.12 297.210410   8.352011 16.720
 90     7.996 55353.08750320 26.05 297.209670   8.355311 16.720
 90     7.107 55353.08750385 25.95 297.208930   8.358621 16.720
 90     6.382 55353.08750449 25.14 297.208200   8.361921 16.720
 90     5.677 55353.08750514 23.30 297.207460   8.365231 16.720
 90     5.528 55353.08750578 22.59 297.206722   8.368528 15.994
 90     6.887 55353.08750643 20.73 297.205982   8.371838 15.994
 91    49.468 55388.08749597 20.33 297.212622   8.334067  8.888
 91    37.231 55388.08749661 18.82 297.211882   8.337377  8.888
 91    35.353 55388.08749726 19.22 297.211152   8.340677  8.888
 91    34.513 55388.08749790 19.43 297.210412   8.343987  8.888
 91    32.596 55388.08749855 19.83 297.209672   8.347287  8.888
 91    30.294 55388.08749919 20.51 297.208942   8.350597  8.888
 91    11.983 55388.08749984 21.37 297.208202   8.353897  8.888
 91    24.766 55388.08750048 21.06 297.207462   8.357207  8.888
 91    11.572 55388.08750113 22.04 297.206722   8.360507  8.888
 91    10.896 55388.08750177 22.83 297.205992   8.363807  8.888
 91    11.385 55388.08750242 23.24 297.205247   8.367122  9.255
 91    11.672 55388.08750306 24.31 297.204517   8.370422  9.255
 91    12.020 55388.08750370 24.26 297.203777   8.373722  9.255
 92    12.737 55423.08751652 28.58 297.215602   8.333400  6.755
 92    12.802 55423.08751716 28.82 297.214872   8.336700  6.755
 92    13.385 55423.08751781 30.05 297.214132   8.340010  6.755
 92    13.181 55423.08751845 31.13 297.213393   8.343316 17.844
 92    13.542 55423.08751910 31.33 297.212653   8.346616 17.844
 92    13.785 55423.08751974 31.56 297.211923   8.349916 17.844
 92    14.138 55423.08752038 32.43 297.211183   8.353226 17.844
 92    13.941 55423.08752103 33.12 297.210443   8.356526 17.844
 92    13.338 55423.08752167 32.24 297.209713   8.359836 17.844
 92    13.411 55423.08752232 32.32 297.208973   8.363136 17.844
 92    13.042 55423.08752296 32.20 297.208233   8.366446 17.844
 92    13.000 55423.08752361 32.48 297.207503   8.369746 17.844
 92    12.937 55423.08752425 32.09 297.206763   8.373056 17.844
 92    12.762 55423.08752490 32.50 297.206023   8.376356 17.844
 93    37.107 55458.08748887 25.39 297.215785   8.333328  7.232
 93    11.114 55458.08749402 28.49 297.209895   8.359768  7.232
 93    11.227 55458.08749467 26.31 297.209165   8.363078  7.232
 93    10.971 55458.08749531 26.82 297.208425   8.366378  7.232
 93    11.042 55458.08749596 27.24 297.207685   8.369688  7.232
 93    11.281 55458.08749660 27.76 297.206949   8.372986 30.810
 93    11.240 55458.08749725 28.87 297.206209   8.376296 30.810
 93    11.580 55458.08749789 31.10 297.205479   8.379596 30.810
