#    0.000   0.000   0.000 ;Mean Elev.(m), Avg Gradient(m/km), RMS Gradient(m/km) - SRTM1     
#    0.000   0.000   0.000 ;Mean Elev.(m), Avg Gradient(m/km), RMS Gradient(m/km) - ASTER GDEM
#    9.333   0.331   2.869 ;Mean Elev.(m), Avg Gradient(m/km), RMS Gradient(m/km) - GMTED2010 
  7     6.007 52471.59228921 22.72 298.101753   8.630977 24.884
  7     5.696 52471.59228985 22.57 298.101013   8.627677 24.884
  7     5.933 52471.59229050 23.53 298.100273   8.624367 24.884
  7     6.035 52471.59229114 24.95 298.099543   8.621067 24.884
  7     6.053 52471.59229179 29.03 298.098803   8.617757 24.884
  8    -0.623 52506.59226693 24.67 298.104157   8.631641 37.329
  8    -1.014 52506.59226758 23.05 298.103417   8.628331 37.329
  8    -0.519 52506.59226822 22.92 298.102687   8.625031 37.329
  8    -0.324 52506.59226886 25.84 298.101947   8.621721 37.329
  8    -0.032 52506.59226951 29.19 298.101207   8.618421 37.329
  9     5.559 52541.59225042 22.49 298.110541   8.624854 39.735
  9     6.038 52541.59225106 21.60 298.109802   8.621553 36.891
  9     6.495 52541.59225171 26.28 298.109062   8.618243 36.891
 10     4.668 52576.59229839 17.27 298.101146   8.630713 29.907
 10     3.626 52576.59229903 16.55 298.100416   8.627403 29.907
 10     3.598 52576.59229968 18.50 298.099676   8.624103 29.907
 10     4.120 52576.59230032 23.10 298.098936   8.620793 29.907
 11     4.807 52611.59226124 17.91 298.102960   8.630111 34.027
 11     3.424 52611.59226189 16.63 298.102220   8.626811 34.027
 11     3.422 52611.59226253 17.96 298.101480   8.623501 34.027
 11     3.781 52611.59226318 21.25 298.100740   8.620201 34.027
 11     4.413 52611.59226382 24.36 298.100010   8.616891 34.027
 12     1.743 52646.59224752 18.42 298.105657   8.629026 28.111
 12     1.263 52646.59224816 21.85 298.104917   8.625716 28.111
 12     1.372 52646.59224881 26.47 298.104182   8.622414 43.836
 12     1.468 52646.59224945 36.17 298.103442   8.619104 43.836
 13     2.749 52681.59221906 16.44 298.111778   8.625505 25.293
 13     2.760 52681.59221970 16.66 298.111038   8.622195 25.293
 13     3.387 52681.59222035 19.23 298.110298   8.618895 25.293
 13     3.807 52681.59222099 24.72 298.109558   8.615585 25.293
 15     3.479 52751.59230034 15.67 298.093797   8.633610 26.807
 15     3.165 52751.59230099 12.04 298.093067   8.630300 26.807
 15     3.172 52751.59230163 13.57 298.092327   8.627000 26.807
 16     3.762 52786.59224450 15.28 298.104798   8.630903 28.554
 16     3.355 52786.59224515 13.36 298.104068   8.627603 28.554
 16     3.228 52786.59224579 13.70 298.103328   8.624293 28.554
 16     3.385 52786.59224644 14.90 298.102588   8.620993 28.554
 16     3.523 52786.59224708 20.36 298.101848   8.617683 28.554
 17     3.994 52821.59231830 21.93 298.105016   8.629134 35.801
 17     4.272 52821.59231894 23.78 298.104276   8.625824 35.801
 17     4.584 52821.59231959 25.13 298.103536   8.622524 35.801
 17     4.752 52821.59232023 25.48 298.102806   8.619214 35.801
 17     4.844 52821.59232088 26.07 298.102066   8.615914 35.801
 18     5.133 52856.59236616 22.27 298.107295   8.626412 35.759
 18     5.764 52856.59236680 22.25 298.106555   8.623102 35.759
 18     6.275 52856.59236745 24.59 298.105815   8.619802 35.759
 18     6.555 52856.59236809 31.78 298.105085   8.616492 35.759
 19     6.642 52891.59239761 25.78 298.101953   8.632467 41.074
 19     6.098 52891.59239826 23.50 298.101213   8.629157 41.074
 19     6.423 52891.59239890 25.16 298.100479   8.625855 38.927
 19     6.727 52891.59239955 26.44 298.099739   8.622545 38.927
 19     6.824 52891.59240019 28.87 298.098999   8.619245 38.927
 20     5.245 52926.59235064 20.85 298.101959   8.629455 35.124
 20     5.446 52926.59235128 23.53 298.101229   8.626145 35.124
 20     5.586 52926.59235192 24.75 298.100484   8.622843 40.962
 20     5.684 52926.59235257 26.57 298.099754   8.619533 40.962
 21     4.386 52961.59231952 19.77 298.112206   8.624663 40.494
 21     4.468 52961.59232016 19.36 298.111466   8.621353 40.494
 21     4.676 52961.59232080 25.57 298.110726   8.618053 40.494
 22     2.988 52996.59235961 16.69 298.102869   8.629386 26.685
 22     3.277 52996.59236025 15.91 298.102129   8.626086 26.685
 22     4.018 52996.59236090 16.47 298.101389   8.622776 26.685
 22     4.454 52996.59236154 20.75 298.100659   8.619476 26.685
 22     3.059 52996.59236219 30.79 298.099919   8.616166 26.685
 23     1.317 53031.59232003 42.50 298.102868   8.629670 38.546
 23     1.271 53031.59232068 43.02 298.102128   8.626370 38.546
 23     1.157 53031.59232132 38.26 298.101388   8.623060 38.546
 23     1.380 53031.59232197 37.08 298.100648   8.619760 38.546
 23     1.412 53031.59232261 42.11 298.099918   8.616450 38.546
 24     2.263 53066.59232904 16.03 298.108172   8.628118 29.382
 24     1.948 53066.59232968 18.64 298.107432   8.624808 29.382
 24     0.810 53066.59233033 22.94 298.106692   8.621508 29.382
 24     0.887 53066.59233097 27.73 298.105952   8.618198 29.382
 25     4.235 53101.59232585 17.84 298.100741   8.632197 25.930
 25     4.015 53101.59232650 10.97 298.100011   8.628887 25.930
 25     1.645 53101.59232714 15.15 298.099271   8.625587 25.930
 25     1.568 53101.59232779 19.19 298.098531   8.622277 25.930
 25     3.841 53101.59232843 20.08 298.097791   8.618977 25.930
 26     2.594 53136.59233062 14.62 298.109806   8.627486 23.698
 26     2.156 53136.59233127 14.85 298.109066   8.624186 23.698
 26     2.368 53136.59233191 13.57 298.108326   8.620876 23.698
 26     3.292 53136.59233256 15.97 298.107596   8.617576 23.698
 27     4.416 53171.59238077 22.06 298.103163   8.631011 28.875
 27     4.270 53171.59238141 26.23 298.102423   8.627701 28.875
 27     4.469 53171.59238206 26.49 298.101689   8.624400 40.897
 27     4.866 53171.59238270 23.47 298.100949   8.621090 40.897
 27     4.981 53171.59238335 26.30 298.100209   8.617790 40.897
 28     5.576 53206.59239485 23.69 298.103033   8.629372 28.500
 28     5.657 53206.59239550 23.00 298.102293   8.626072 28.500
 28     5.976 53206.59239614 23.69 298.101553   8.622762 28.500
 28     6.179 53206.59239679 24.77 298.100823   8.619462 28.500
 28     6.254 53206.59239743 30.38 298.100083   8.616152 28.500
 29     5.681 53241.59236230 26.55 298.108121   8.629414 33.046
 29     5.572 53241.59236295 25.58 298.107391   8.626104 33.046
 29     6.298 53241.59236359 24.15 298.106651   8.622804 33.046
 29     6.522 53241.59236424 27.24 298.105911   8.619494 33.046
 30     5.210 53276.59233323 24.52 298.106831   8.629819 34.805
 30     5.224 53276.59233387 23.19 298.106091   8.626509 34.805
 30     5.868 53276.59233452 23.80 298.105361   8.623209 34.805
 30     6.386 53276.59233516 25.32 298.104621   8.619899 34.805
 31     4.710 53311.59237294 17.79 298.102305   8.630543 37.010
 31     4.424 53311.59237359 18.82 298.101565   8.627233 37.010
 31     4.519 53311.59237423 19.14 298.100825   8.623933 37.010
 31     4.859 53311.59237488 21.75 298.100095   8.620623 37.010
 31     4.936 53311.59237552 25.79 298.099355   8.617323 37.010
 32     4.427 53346.59233889 15.55 298.105934   8.629920 35.721
 32     2.979 53346.59233953 16.31 298.105194   8.626610 35.721
 32     3.080 53346.59234018 15.86 298.104454   8.623310 35.721
 32     3.826 53346.59234082 15.80 298.103714   8.620000 35.721
 32     4.331 53346.59234147 18.71 298.102984   8.616700 35.721
 33     3.903 53381.59229844 16.12 298.107666   8.628108 29.751
 33     2.406 53381.59229909 16.58 298.106926   8.624798 29.751
 33     2.935 53381.59229973 16.70 298.106186   8.621498 29.751
 33     3.952 53381.59230038 17.63 298.105446   8.618188 29.751
 34     2.582 53416.59231761 19.06 298.110827   8.626456 37.249
 34     1.867 53416.59231826 21.14 298.110087   8.623156 37.249
 34     0.770 53416.59231890 24.17 298.109347   8.619846 37.249
 34     1.079 53416.59231955 26.73 298.108617   8.616546 37.249
 35     1.976 53451.59231556 15.65 298.107500   8.627318 29.450
 35     1.701 53451.59231620 17.85 298.106760   8.624018 29.450
 35     1.310 53451.59231685 21.64 298.106020   8.620708 29.450
 35     1.342 53451.59231749 31.61 298.105280   8.617408 29.450
 36     4.089 53486.59239969 17.39 298.098279   8.633159 26.504
 36     2.577 53486.59240033 11.96 298.097539   8.629859 26.504
 36     2.736 53486.59240098 10.79 298.096809   8.626549 26.504
 36     2.977 53486.59240162 11.64 298.096069   8.623249 26.504
 37     3.583 53521.59239275 13.82 298.107167   8.628745 33.160
 37     3.226 53521.59239340 16.88 298.106427   8.625435 33.160
 37     3.390 53521.59239404 20.27 298.105687   8.622135 33.160
 37     3.631 53521.59239469 18.21 298.104947   8.618825 33.160
 38     5.303 53556.59241690 29.40 298.098518   8.633485 37.422
 38     4.690 53556.59241755 29.53 298.097778   8.630185 37.422
 38     4.709 53556.59241819 30.44 298.097038   8.626875 37.422
 38     4.921 53556.59241884 31.88 298.096308   8.623575 37.422
 39     4.980 53591.59235634 22.54 298.111016   8.625049 38.680
 39     5.394 53591.59235698 22.15 298.110286   8.621739 38.680
 39     5.695 53591.59235762 28.10 298.109546   8.618439 38.680
 40     5.553 53626.59234318 23.53 298.100213   8.632265 36.612
 40     5.357 53626.59234382 25.35 298.099473   8.628955 36.612
 40     5.473 53626.59234446 26.83 298.098733   8.625655 36.612
 40     5.822 53626.59234511 28.37 298.097993   8.622345 36.612
 40     5.975 53626.59234575 39.56 298.097253   8.619045 36.612
 41     4.425 53661.59236940 16.87 298.102850   8.629986 31.940
 41     3.518 53661.59237005 22.20 298.102120   8.626676 31.940
 41     3.950 53661.59237069 22.01 298.101380   8.623376 31.940
 41     4.226 53661.59237134 25.22 298.100640   8.620066 31.940
 41     4.360 53661.59237198 29.86 298.099900   8.616766 31.940
 42     3.368 53696.59233787 16.23 298.104389   8.629002 35.252
 42     3.246 53696.59233852 16.26 298.103649   8.625692 35.252
 42     3.560 53696.59233916 16.05 298.102909   8.622392 35.252
 42     3.925 53696.59233980 18.51 298.102169   8.619082 35.252
 42     4.542 53696.59234045 20.00 298.101439   8.615782 35.252
 43     2.234 53731.59226063 36.65 298.107723   8.628017 42.909
 43     1.939 53731.59226128 30.26 298.106993   8.624707 42.909
 43     1.580 53731.59226192 29.08 298.106253   8.621407 42.909
 43     2.298 53731.59226257 29.69 298.105513   8.618097 42.909
 44     4.113 53766.59223342 17.98 298.111006   8.626267 30.876
 44     3.421 53766.59223406 17.70 298.110266   8.622967 30.876
 44     3.709 53766.59223471 17.89 298.109526   8.619657 30.876
 44     4.510 53766.59223535 19.46 298.108786   8.616357 30.876
 45     2.545 53801.59223460 17.43 298.108422   8.628763 36.283
 45     1.699 53801.59223525 19.15 298.107682   8.625463 36.283
 45     1.096 53801.59223589 19.17 298.106942   8.622153 36.283
 45     1.085 53801.59223653 26.29 298.106202   8.618853 36.283
 46     4.440 53836.59224247 15.01 298.106387   8.630013 24.460
 46     1.851 53836.59224312 14.50 298.105647   8.626712 34.805
 46     2.019 53836.59224376 15.23 298.104907   8.623402 34.805
 46     1.931 53836.59224441 18.89 298.104177   8.620102 34.805
 46     1.869 53836.59224505 31.87 298.103437   8.616792 34.805
 47     2.499 53871.59229808 12.58 298.104708   8.627864 30.182
 47     2.519 53871.59229873 12.36 298.103978   8.624554 30.182
 47     2.585 53871.59229937 15.44 298.103238   8.621254 30.182
 47     2.819 53871.59230002 19.29 298.102498   8.617944 30.182
 48     4.438 53906.59233620 21.47 298.102330   8.632034 30.462
 48     3.751 53906.59233684 23.47 298.101590   8.628724 30.462
 48     4.171 53906.59233749 22.72 298.100850   8.625424 30.462
 48     4.421 53906.59233813 24.30 298.100110   8.622114 30.462
 48     4.615 53906.59233878 24.07 298.099380   8.618814 30.462
 49     6.486 53941.59236517 25.28 298.095647   8.631107 39.726
 49     6.654 53941.59236581 25.64 298.094907   8.627807 39.726
 49     6.885 53941.59236645 30.13 298.094167   8.624497 39.726
 50     6.747 53976.59232014 25.76 298.102455   8.631699 38.018
 50     6.406 53976.59232078 24.73 298.101725   8.628399 38.018
 50     6.613 53976.59232143 24.86 298.100985   8.625089 38.018
 50     6.927 53976.59232207 26.66 298.100245   8.621789 38.018
 50     7.066 53976.59232272 31.72 298.099515   8.618479 38.018
 51     4.857 54011.59232303 21.10 298.107754   8.629522 37.738
 51     4.428 54011.59232368 23.21 298.107014   8.626212 37.738
 51     5.013 54011.59232432 21.48 298.106273   8.622911 38.559
 51     5.654 54011.59232497 22.27 298.105533   8.619601 38.559
 52     3.836 54046.59233747 17.82 298.110917   8.626003 25.914
 52     3.830 54046.59233812 19.47 298.110177   8.622703 25.914
 52     4.198 54046.59233876 21.02 298.109437   8.619393 25.914
 52     4.312 54046.59233941 28.81 298.108703   8.616092 45.185
 53     4.326 54081.59232980 16.42 298.104535   8.629569 25.164
 53     3.245 54081.59233044 15.98 298.103795   8.626259 25.164
 53     3.416 54081.59233109 17.33 298.103055   8.622959 25.164
 53     3.922 54081.59233173 20.25 298.102315   8.619649 25.164
 53     4.485 54081.59233238 23.98 298.101586   8.616346 42.958
 54     4.460 54116.59226198 15.38 298.104534   8.630280 25.565
 54     3.528 54116.59226263 15.81 298.103804   8.626970 25.565
 54     2.989 54116.59226327 16.96 298.103059   8.623665 40.934
 54     3.300 54116.59226392 20.74 298.102329   8.620365 40.934
 54     1.919 54116.59226456 31.93 298.101589   8.617055 40.934
 55     4.011 54151.59228075 15.21 298.103816   8.628546 26.427
 55     1.709 54151.59228139 17.39 298.103076   8.625236 26.427
 55     1.370 54151.59228204 20.41 298.102343   8.621935 38.948
 55     1.632 54151.59228268 31.48 298.101603   8.618625 38.948
 55     1.639 54151.59228333 35.10 298.100863   8.615325 38.948
 56     3.727 54186.59225476 15.94 298.104748   8.630424 24.725
 56     1.164 54186.59225541 16.11 298.104003   8.627121 37.738
 56     0.572 54186.59225605 21.55 298.103273   8.623811 37.738
 56     0.914 54186.59225670 27.68 298.102533   8.620511 37.738
 56     0.855 54186.59225734 38.89 298.101793   8.617201 37.738
 57     3.731 54221.59228968 11.35 298.104298   8.629105 28.780
 57     1.947 54221.59229032 12.20 298.103558   8.625795 28.780
 57     1.985 54221.59229097 14.46 298.102818   8.622495 28.780
 57     2.038 54221.59229161 23.62 298.102088   8.619185 28.780
 57     2.104 54221.59229226 24.54 298.101348   8.615885 28.780
 58     3.475 54256.59231236 14.86 298.105267   8.630280 20.886
 58     3.036 54256.59231301 17.46 298.104534   8.626979 36.814
 58     3.266 54256.59231365 17.96 298.103794   8.623669 36.814
 58     3.470 54256.59231430 21.58 298.103054   8.620369 36.814
 58     3.627 54256.59231494 20.16 298.102324   8.617059 36.814
 59     4.737 54291.59231519 21.73 298.106562   8.627944 35.441
 59     5.028 54291.59231583 23.28 298.105822   8.624644 35.441
 59     5.257 54291.59231648 24.70 298.105092   8.621334 35.441
 59     5.643 54291.59231712 28.69 298.104352   8.618034 35.441
 60     5.076 54326.59231201 22.01 298.106788   8.628124 34.000
 60     5.749 54326.59231266 22.25 298.106048   8.624814 34.000
 60     6.152 54326.59231330 23.96 298.105308   8.621514 34.000
 60     6.658 54326.59231395 31.10 298.104568   8.618204 34.000
 61     5.869 54361.59226247 24.73 298.105272   8.630622 42.517
 61     5.401 54361.59226312 24.78 298.104542   8.627312 42.517
 61     6.093 54361.59226376 23.73 298.103797   8.624009 40.234
 61     6.257 54361.59226441 26.31 298.103067   8.620699 40.234
 61     6.587 54361.59226505 30.16 298.102327   8.617399 40.234
 62     4.727 54396.59225199 19.21 298.106831   8.628941 30.376
 62     4.450 54396.59225263 21.41 298.106091   8.625631 30.376
 62     5.006 54396.59225328 21.46 298.105357   8.622329 42.587
 62     5.502 54396.59225392 25.15 298.104617   8.619019 42.587
 63     3.843 54431.59221311 16.85 298.106094   8.628186 25.041
 63     3.561 54431.59221375 16.83 298.105354   8.624886 25.041
 63     3.839 54431.59221440 18.65 298.104624   8.621576 25.041
 63     4.572 54431.59221504 20.29 298.103877   8.618273 41.738
 64     4.426 54466.59223279 17.35 298.107715   8.629514 30.668
 64     2.610 54466.59223344 17.89 298.106975   8.626204 30.668
 64     3.469 54466.59223408 17.89 298.106239   8.622903 35.318
 64     4.263 54466.59223473 18.06 298.105499   8.619593 35.318
 65     2.093 54501.59222675 17.93 298.105995   8.629397 28.011
 65     2.367 54501.59222739 17.89 298.105255   8.626087 28.011
 65     1.570 54501.59222804 22.55 298.104515   8.622787 28.011
 65     1.560 54501.59222868 26.90 298.103775   8.619477 28.011
 66     1.861 54536.59224819 20.16 298.106474   8.627927 31.434
 66     1.372 54536.59224883 22.56 298.105734   8.624627 31.434
 66     1.516 54536.59224948 23.29 298.104994   8.621317 31.434
 66     1.594 54536.59225012 36.94 298.104254   8.618017 31.434
 67     1.745 54571.59222858 17.29 298.105517   8.627926 28.883
 67     0.752 54571.59222923 21.93 298.104771   8.624622 36.525
 67     1.061 54571.59222987 24.49 298.104041   8.621312 36.525
 67     1.269 54571.59223052 34.10 298.103301   8.618012 36.525
 68     4.328 54606.59224145 15.71 298.105346   8.629842 26.543
 68     2.170 54606.59224209 14.58 298.104606   8.626542 26.543
 68     2.560 54606.59224274 13.81 298.103866   8.623232 26.543
 68     2.681 54606.59224338 18.05 298.103136   8.619932 26.543
 68     3.455 54606.59224403 16.66 298.102396   8.616622 26.543
 69     4.358 54641.59225072 14.32 298.104929   8.630745 29.861
 69     3.871 54641.59225137 13.99 298.104189   8.627445 29.861
 69     3.579 54641.59225201 16.03 298.103449   8.624135 29.861
 69     3.871 54641.59225266 20.36 298.102719   8.620835 29.861
 69     3.999 54641.59225330 22.54 298.101979   8.617525 29.861
 70     5.670 54676.59225239 23.28 298.104537   8.631168 38.189
 70     5.466 54676.59225304 24.31 298.103797   8.627858 38.189
 70     5.691 54676.59225368 25.47 298.103057   8.624558 38.189
 70     5.872 54676.59225433 27.40 298.102317   8.621248 38.189
 70     6.040 54676.59225497 31.13 298.101587   8.617948 38.189
 71     5.199 54711.59220796 22.80 298.106503   8.627909 39.015
 71     5.901 54711.59220860 22.96 298.105756   8.624606 38.027
 71     6.186 54711.59220925 24.18 298.105026   8.621296 38.027
 71     6.695 54711.59220989 29.70 298.104286   8.617996 38.027
 72     4.644 54746.59222144 19.87 298.104861   8.628988 31.261
 72     4.733 54746.59222209 19.43 298.104131   8.625678 31.261
 72     5.118 54746.59222273 20.77 298.103391   8.622378 31.261
 72     5.206 54746.59222338 24.02 298.102651   8.619068 31.261
 72     5.345 54746.59222402 29.83 298.101911   8.615768 31.261
 73     3.599 54781.59219405 16.36 298.105940   8.627157 31.426
 73     3.586 54781.59219470 17.14 298.105200   8.623847 31.426
 73     4.000 54781.59219534 19.76 298.104470   8.620547 31.426
 73     4.472 54781.59219599 22.92 298.103730   8.617237 31.426
 74     4.091 54816.59221359 16.52 298.106189   8.630563 33.625
 74     3.635 54816.59221424 16.29 298.105449   8.627263 33.625
 74     3.756 54816.59221488 16.32 298.104719   8.623953 33.625
 74     4.097 54816.59221553 18.42 298.103979   8.620653 33.625
 74     4.817 54816.59221617 20.47 298.103239   8.617343 33.625
 75     2.495 54851.59219138 17.40 298.105842   8.629519 34.377
 75     3.577 54851.59219203 16.35 298.105112   8.626209 34.377
 75     3.353 54851.59219267 17.99 298.104372   8.622909 34.377
 75     1.875 54851.59219332 24.98 298.103632   8.619599 34.377
 75     1.866 54851.59219396 30.01 298.102892   8.616299 34.377
 76     4.781 54886.59221866 17.50 298.103976   8.628997 29.702
 76     2.300 54886.59221930 18.92 298.103236   8.625697 29.702
 76     2.641 54886.59221995 19.90 298.102496   8.622387 29.702
 76     1.833 54886.59222059 29.69 298.101756   8.619087 29.702
 76     1.845 54886.59222124 34.78 298.101016   8.615777 29.702
 77     4.779 54921.59219175 16.64 298.102905   8.630806 26.570
 77     2.198 54921.59219239 16.42 298.102175   8.627496 26.570
 77     2.886 54921.59219304 16.58 298.101430   8.624191 34.708
 77     1.669 54921.59219368 23.79 298.100700   8.620891 34.708
 77     1.673 54921.59219432 27.19 298.099960   8.617581 34.708
 78     4.398 54956.59221335 15.52 298.105084   8.631028 25.178
 78     1.997 54956.59221400 15.18 298.104344   8.627728 25.178
 78     2.225 54956.59221464 13.89 298.103614   8.624418 25.178
 78     2.883 54956.59221529 15.27 298.102874   8.621118 25.178
 78     2.989 54956.59221593 20.76 298.102134   8.617808 25.178
 79     4.189 54991.59223723 14.52 298.102837   8.630188 29.044
 79     2.237 54991.59223788 12.87 298.102107   8.626878 29.044
 79     2.509 54991.59223852 14.24 298.101367   8.623578 29.044
 79     2.610 54991.59223917 14.61 298.100627   8.620268 29.044
 79     2.499 54991.59223981 22.51 298.099887   8.616968 29.044
 80     3.656 55026.59222820 19.33 298.105711   8.628526 32.714
 80     3.777 55026.59222884 22.11 298.104971   8.625216 32.714
 80     4.122 55026.59222949 22.98 298.104241   8.621916 32.714
 80     4.404 55026.59223013 21.06 298.103501   8.618606 32.714
 81     4.548 55061.59222094 24.75 298.105780   8.629311 36.824
 81     5.017 55061.59222158 24.94 298.105040   8.626001 36.824
 81     5.378 55061.59222223 26.53 298.104300   8.622701 36.824
 81     5.633 55061.59222287 28.63 298.103570   8.619391 36.824
 82     4.901 55096.59217051 21.70 298.104062   8.630504 29.871
 82     4.724 55096.59217115 22.79 298.103332   8.627194 29.871
 82     4.944 55096.59217180 26.55 298.102588   8.623892 40.461
 82     5.334 55096.59217244 25.41 298.101858   8.620582 40.461
 82     5.496 55096.59217309 28.18 298.101118   8.617282 40.461
 83     4.312 55131.59216416 15.65 298.105441   8.630823 28.720
 83     2.975 55131.59216480 15.28 298.104701   8.627513 28.720
 83     3.101 55131.59216544 15.16 298.103971   8.624213 28.720
 83     3.829 55131.59216609 15.89 298.103231   8.620903 28.720
 83     4.342 55131.59216673 17.82 298.102491   8.617603 28.720
 84     2.200 55166.59213288 14.78 298.106280   8.628122 26.868
 84     2.345 55166.59213353 14.33 298.105550   8.624819 31.788
 84     3.227 55166.59213417 14.40 298.104810   8.621509 31.788
 84     4.105 55166.59213482 16.10 298.104070   8.618209 31.788
 85     1.397 55201.59215626 21.40 298.104965   8.629803 35.968
 85     1.055 55201.59215690 23.82 298.104235   8.626493 35.968
 85     0.966 55201.59215755 25.53 298.103495   8.623193 35.968
 85     1.273 55201.59215819 28.95 298.102755   8.619883 35.968
 85     1.381 55201.59215884 38.83 298.102015   8.616583 35.968
 86     1.645 55236.59213998 17.43 298.104005   8.628298 37.276
 86     0.737 55236.59214062 21.27 298.103265   8.624998 37.276
 86     1.014 55236.59214127 26.26 298.102525   8.621688 37.276
 86     1.077 55236.59214191 31.85 298.101785   8.618388 37.276
 86     1.131 55236.59214255 42.21 298.101055   8.615078 37.276
 87     3.194 55271.59215055 11.17 298.105068   8.628991 31.791
 87     1.450 55271.59215120 14.52 298.104338   8.625681 31.791
 87     1.435 55271.59215184 19.18 298.103598   8.622381 31.791
 87     1.685 55271.59215249 25.97 298.102858   8.619071 31.791
 87     1.658 55271.59215313 32.43 298.102118   8.615771 31.791
 88     2.171 55306.59212038 13.16 298.106090   8.630572 12.933
 88     1.010 55306.59212102 16.49 298.105344   8.627268 37.788
 88     0.993 55306.59212167 19.92 298.104614   8.623958 37.788
 88     1.230 55306.59212231 26.98 298.103874   8.620658 37.788
 88     1.445 55306.59212296 37.09 298.103134   8.617348 37.788
 89     3.567 55341.59212067 13.56 298.106249   8.630092 31.695
 89     3.408 55341.59212132 13.76 298.105509   8.626782 31.695
 89     3.390 55341.59212196 15.34 298.104769   8.623482 31.695
 89     3.501 55341.59212260 20.21 298.104029   8.620172 31.695
 89     3.784 55341.59212325 18.12 298.103299   8.616872 31.695
 90     4.206 55376.59211434 25.32 298.105470   8.628335 32.519
 90     4.861 55376.59211498 21.56 298.104730   8.625025 32.519
 90     5.085 55376.59211563 25.09 298.104000   8.621725 32.519
 90     5.524 55376.59211627 25.92 298.103260   8.618415 32.519
 91     6.244 55411.59213679 25.43 298.106750   8.629578 37.827
 91     6.443 55411.59213743 25.88 298.106020   8.626268 37.827
 91     6.548 55411.59213808 27.51 298.105280   8.622968 37.827
 91     6.644 55411.59213872 29.49 298.104540   8.619658 37.827
 92     5.787 55446.59212931 26.25 298.105942   8.628329 36.776
 92     6.379 55446.59212996 24.99 298.105202   8.625019 36.776
 92     6.482 55446.59213060 27.80 298.104462   8.621719 36.776
 92     6.735 55446.59213125 30.37 298.103722   8.618409 36.776
 93     4.257 55481.59206169 22.18 298.105248   8.627712 31.813
 93     4.697 55481.59206234 24.61 298.104518   8.624402 31.813
 93     5.006 55481.59206298 25.95 298.103775   8.621100 39.785
 93     5.377 55481.59206363 25.73 298.103035   8.617790 39.785
