#    0.000   0.000   0.000 ;Mean Elev.(m), Avg Gradient(m/km), RMS Gradient(m/km) - SRTM1     
#    0.000   0.000   0.000 ;Mean Elev.(m), Avg Gradient(m/km), RMS Gradient(m/km) - ASTER GDEM
#   10.412  -3.258  14.568 ;Mean Elev.(m), Avg Gradient(m/km), RMS Gradient(m/km) - GMTED2010 
  7 296.559208   8.164366    28.960    22.294  5 52474.59637546 30.170
  8 296.568333   8.172158    16.414    16.447  8 52509.59633584 32.212
  9 296.574624   8.188026    41.139    47.952  6 52544.59633471 21.705
 10 296.562622   8.168255    53.438    56.676  6 52579.59637569  2.792
 11 296.560964   8.169441    41.224    44.662  6 52614.59634287 14.751
 12 296.571471   8.180541    48.838    49.263  7 52649.59632017  5.923
 13 296.572567   8.180439    50.091    50.429 10 52684.59630251  4.255
 14 296.563465   8.169879    11.868    12.069  6 52719.59635805 11.225
 15 296.552319   8.168722    47.828    47.918  7 52754.59638269  3.001
 16 296.567291   8.175597    48.524    48.467  6 52789.59632848  6.501
 17 296.570123   8.180800    50.029    50.077  3 52824.59639778  9.140
 18 296.568710   8.165693    15.874    15.684  3 52859.59644679 33.405
 19 296.560511   8.161175    16.156    16.156  2 52894.59647889 28.047
 20 296.560987   8.168206    32.058    31.667  4 52929.59642726 29.657
 21 296.573152   8.183557    43.796    48.491  7 52964.59641158 18.297
 22 296.559294   8.172013    48.068    48.227  3 52999.59644993  2.929
 23 296.562142   8.170910    47.278    47.181  5 53034.59640050  2.807
 24 296.567145   8.174110    48.132    48.311  8 53069.59641714  3.299
 25 296.560642   8.168440    46.056    46.142  6 53104.59640258  2.585
 26 296.569010   8.175104    42.942    46.900  8 53139.59642196 11.250
 27 296.565989   8.175452    47.547    48.990  4 53174.59645900  9.458
 28 296.562988   8.169264    15.291    15.242  6 53209.59647765 22.232
 29 296.567181   8.171929    16.261    16.248  8 53244.59644466 37.085
 30 296.564869   8.169350    15.090    15.017  7 53279.59642572 28.156
 31 296.562997   8.161579    12.187    12.187  2 53314.59644875 23.079
 32 296.569789   8.177204    42.348    45.341  6 53349.59641136 14.031
 33 296.566799   8.172393    47.561    47.695  8 53384.59638830  4.204
 34 296.576497   8.183143    49.119    50.571 11 53419.59639200  5.268
 35 296.570844   8.176907    48.997    49.049  9 53454.59639900  3.298
 36 296.557313   8.167570    54.077    56.504  6 53489.59648602  2.727
 37 296.570122   8.175849    48.020    48.035  9 53524.59647012  5.857
 38 296.557370   8.167024    24.821    13.094  3 53559.59649952 39.029
 39 296.572131   8.174910    29.831    23.435  7 53594.59643541 35.667
 40 296.559828   8.165849    26.541    14.515  3 53629.59643018 25.859
 41 296.562049   8.170829    47.561    48.120  5 53664.59645325  4.149
 42 296.568682   8.178282    50.331    49.841  5 53699.59640856  5.518
 43 296.570902   8.177411    49.279    49.466  9 53734.59633086  4.151
 44 296.574843   8.184588    50.892    51.085  9 53769.59631481  7.377
 45 296.570166   8.175628    48.622    48.925  9 53804.59631150  3.660
 47 296.568246   8.174881    42.718    47.899  6 53874.59637774 15.463
 48 296.559767   8.166703    47.217    47.289  6 53909.59642468  5.846
 49 296.555670   8.167899    33.906    33.906  2 53944.59644660 25.952
 50 296.562639   8.168874    15.969    15.876  7 53979.59639497 27.434
 51 296.570571   8.179978    43.682    45.366  5 54014.59640783 19.372
 52 296.575321   8.181746    40.490    38.546 11 54049.59641223 14.516
 54 296.565825   8.175258    49.133    49.398  4 54119.59633368  5.137
 55 296.565215   8.172854    46.741    48.304  4 54154.59636273  6.007
 56 296.565111   8.170609    45.239    46.043  7 54189.59633071  6.498
 57 296.565346   8.171863    46.358    47.585  5 54224.59637295  5.762
 58 296.566497   8.171979    47.345    46.955  8 54259.59639390  7.367
 59 296.566434   8.169393    20.791    13.789  4 54294.59639831 23.814
 60 296.567373   8.169818    24.870    15.869  4 54329.59639151 25.622
 61 296.564922   8.169447    15.136    15.147  6 54364.59633742 24.525
 62 296.568288   8.173647    30.343    29.384  4 54399.59633197 29.566
 63 296.566775   8.174036    46.280    46.880  7 54434.59628952  6.139
 64 296.570675   8.179309    48.827    48.697  6 54469.59631404  9.736
 65 296.566685   8.174528    47.326    48.277  6 54504.59630401  5.337
 66 296.568134   8.173619    50.370    47.723  8 54539.59633017  3.675
 67 296.566784   8.172741    46.991    46.602  8 54574.59630457  4.825
 68 296.566621   8.172561    47.546    47.841  8 54609.59632287  4.148
 69 296.565650   8.171804    46.223    46.385  7 54644.59633109 10.141
 70 296.565123   8.170270    15.238    15.271  6 54679.59633256 34.590
 71 296.567140   8.172164    14.990    15.080  7 54714.59628357 33.015
 72 296.563974   8.163863    12.931    12.931  2 54749.59630452 32.866
 73 296.567737   8.177073    48.653    50.024  5 54784.59627120  4.852
 74 296.567823   8.174876    36.255    37.974  6 54819.59629445 16.880
 75 296.567628   8.175456    49.084    49.089  6 54854.59626814  2.731
 76 296.564206   8.170842    47.669    47.428  5 54889.59630040  1.868
 77 296.563499   8.170174    47.112    47.233  5 54924.59626812  2.166
 78 296.565398   8.171754    50.397    47.721  6 54959.59629702  1.849
 79 296.563030   8.169330    46.320    46.736  6 54994.59632002  2.649
 81 296.566834   8.171468    13.765    13.640  8 55064.59630025 24.990
 82 296.562162   8.163539    12.817    12.817  2 55099.59624649 21.439
 83 296.566357   8.172340    56.877    58.180  7 55134.59624539  4.198
 84 296.567693   8.175238    51.443    48.803  7 55169.59620843  3.570
 85 296.567057   8.175977    48.033    48.432  6 55204.59623752  6.805
 86 296.564346   8.169683    50.521    47.212  6 55239.59621678  3.149
 87 296.565552   8.171458    51.317    47.527  7 55274.59623206  2.939
 88 296.566197   8.171230    47.259    47.110  7 55309.59619905  3.248
 89 296.569321   8.180019    45.300    49.192  4 55344.59619879 15.859
 90 296.566540   8.173532    33.514    33.514  2 55379.59619445 25.620
 91 296.567643   8.174176    16.393    16.613  8 55414.59621948 39.601
 92 296.567537   8.173886    16.179    16.155  8 55449.59620677 32.530
 93 296.567336   8.175399    39.704    46.882  4 55484.59613260 20.951
