#    0.000   0.000   0.000 ;Mean Elev.(m), Avg Gradient(m/km), RMS Gradient(m/km) - SRTM1     
#    0.000   0.000   0.000 ;Mean Elev.(m), Avg Gradient(m/km), RMS Gradient(m/km) - ASTER GDEM
#   15.303  -3.967  12.827 ;Mean Elev.(m), Avg Gradient(m/km), RMS Gradient(m/km) - GMTED2010 
  7    49.855 52470.09351960  7.21 295.205958   7.659360  9.118
  7    46.679 52470.09352025  7.88 295.205218   7.662660  9.118
  7    49.375 52470.09352089  5.97 295.204488   7.665970  9.118
  7    51.147 52470.09352154  6.16 295.203748   7.669270  9.118
  7    51.176 52470.09352218  6.18 295.203018   7.672580  9.118
  8    47.609 52505.09350377  8.27 295.206264   7.662626  9.288
  8    26.475 52505.09350506 31.95 295.204794   7.669236  9.288
  8    27.270 52505.09350570 30.44 295.204064   7.672546  9.288
  8    27.975 52505.09350635 29.65 295.203324   7.675846  9.288
  9    46.504 52540.09348597 17.89 295.210667   7.660727 10.057
  9    26.135 52540.09348726 42.71 295.209197   7.667337 10.057
  9    24.838 52540.09348790 43.16 295.208457   7.670637 10.057
  9    27.078 52540.09348855 40.42 295.207727   7.673947 10.057
  9    27.227 52540.09348919 43.42 295.206987   7.677247 10.057
 11    47.033 52610.09349168  4.10 295.208295   7.660457  9.424
 11    30.329 52610.09349232  8.59 295.207555   7.663757  9.424
 11    22.430 52610.09349296 16.18 295.206825   7.667067  9.424
 11    20.255 52610.09349361 17.66 295.206085   7.670367  9.424
 11    20.597 52610.09349425 18.98 295.205355   7.673677  9.424
 11    20.967 52610.09349490 21.58 295.204615   7.676977  9.424
 12    37.260 52645.09348174 13.92 295.207703   7.659774  3.745
 12    36.910 52645.09348239 18.05 295.206966   7.663072  8.910
 12    36.404 52645.09348303 18.56 295.206226   7.666382  8.910
 12    15.831 52645.09348432 36.37 295.204756   7.672992  8.910
 12    13.696 52645.09348497 38.96 295.204026   7.676292  8.910
 13    44.912 52680.09345852  5.95 295.214061   7.662696  2.940
 13    48.560 52680.09345917  5.80 295.213321   7.665996  2.940
 13    49.741 52680.09345981  6.23 295.212591   7.669306  2.940
 13    18.466 52680.09346045 11.96 295.211850   7.672606  7.074
 13    17.227 52680.09346110 14.18 295.211120   7.675916  7.074
 13    18.997 52680.09346174 14.24 295.210380   7.679216  7.074
 13    18.923 52680.09346239 25.31 295.209650   7.682526  7.074
 15    34.403 52750.09353248 14.65 295.198010   7.660784  8.016
 15    33.758 52750.09353312 13.13 295.197280   7.664094  8.016
 16    41.554 52785.09347512 14.13 295.205252   7.660472 12.278
 16    42.197 52785.09347577 15.81 295.204512   7.663782 12.278
 16    20.523 52785.09347705 28.95 295.203042   7.670392 12.278
 16    20.027 52785.09347770 29.48 295.202302   7.673692 12.278
 17    71.947 52820.09355019  5.44 295.205880   7.659787  9.729
 17    52.660 52820.09355083  6.67 295.205150   7.663087  9.729
 17    49.628 52820.09355148  7.25 295.204410   7.666397  9.729
 17    50.932 52820.09355212  6.93 295.203680   7.669697  9.729
 17    53.010 52820.09355277  7.12 295.202940   7.673007  9.729
 18    47.045 52855.09359878 17.70 295.209425   7.662016 11.245
 18    47.093 52855.09359942 20.56 295.208695   7.665316 11.245
 18    47.719 52855.09360006 19.04 295.207955   7.668626 11.245
 20    45.688 52925.09358496 11.54 295.207394   7.661255  8.698
 20    45.546 52925.09358560 15.64 295.206664   7.664565  8.698
 20    47.573 52925.09358625 12.95 295.205924   7.667865  8.698
 20    51.558 52925.09358689  8.86 295.205194   7.671175  8.698
 21    47.201 52960.09355199  3.82 295.214054   7.661624  9.442
 21    22.034 52960.09355328 21.45 295.212584   7.668234  9.442
 21    21.687 52960.09355392 21.07 295.211844   7.671544  9.442
 21    22.736 52960.09355457 20.03 295.211104   7.674844  9.442
 21    23.298 52960.09355521 20.41 295.210374   7.678154  9.442
 21    23.828 52960.09355586 25.27 295.209634   7.681454  9.442
 22    23.710 52995.09358682 13.91 295.207263   7.664718  9.422
 22    21.072 52995.09358746 18.44 295.206533   7.668028  9.422
 22    18.936 52995.09358811 19.18 295.205793   7.671328  9.422
 22    19.799 52995.09358875 19.72 295.205063   7.674638  9.422
 23    45.557 53030.09355010  7.00 295.209218   7.662754 13.579
 23    22.653 53030.09355075 10.49 295.208478   7.666054 13.579
 23    21.035 53030.09355139 11.51 295.207748   7.669364 13.579
 23    19.276 53030.09355204 14.24 295.207008   7.672664 13.579
 23    17.764 53030.09355268 25.20 295.206278   7.675974 13.579
 24    33.696 53065.09355692 14.21 295.212485   7.660879  8.252
 24    33.104 53065.09355756 18.44 295.211745   7.664189  8.252
 24    32.314 53065.09355821 17.89 295.211015   7.667489  8.252
 24    12.867 53065.09355950 38.08 295.209535   7.674099  8.252
 24    12.619 53065.09356014 44.33 295.208805   7.677409  8.252
 24    14.338 53065.09356079 38.91 295.208065   7.680709  8.252
 25    45.624 53100.09356315  3.31 295.204589   7.659179  2.816
 25    48.317 53100.09356380  3.86 295.203859   7.662489  2.816
 25    47.037 53100.09356444  7.84 295.203121   7.665788 11.267
 28    46.611 53205.09362702 16.36 295.205762   7.663834  6.306
 28    46.357 53205.09362766 17.23 295.205032   7.667144  6.306
 28    46.670 53205.09362831 15.73 295.204292   7.670444  6.306
 29    27.175 53240.09359499 33.68 295.212388   7.665736  9.235
 29    26.474 53240.09359563 35.60 295.211658   7.669046  9.235
 29    27.211 53240.09359628 30.55 295.210918   7.672346  9.235
 29    27.260 53240.09359692 28.64 295.210188   7.675656  9.235
 29    28.179 53240.09359757 28.97 295.209448   7.678956  9.235
 29    28.487 53240.09359821 40.08 295.208718   7.682266  9.235
 31    43.904 53310.09360859  7.69 295.204167   7.659902  5.297
 31    48.032 53310.09360924  4.64 295.203431   7.663201 10.470
 31    22.561 53310.09361053 21.81 295.201961   7.669811 10.470
 31    23.549 53310.09361117 33.07 295.201221   7.673121 10.470
 32    24.694 53345.09357470 13.14 295.208898   7.660984  3.434
 32    23.177 53345.09357535 16.12 295.208156   7.664284  6.844
 32    21.383 53345.09357599 16.75 295.207426   7.667594  6.844
 32    20.920 53345.09357664 15.84 295.206686   7.670894  6.844
 32    20.951 53345.09357728 15.49 295.205956   7.674204  6.844
 32    21.147 53345.09357793 17.01 295.205216   7.677504  6.844
 34    41.804 53415.09355171  6.77 295.213938   7.660648  3.026
 34    44.983 53415.09355236  6.93 295.213194   7.663948  8.427
 34    14.345 53415.09355365 17.84 295.211724   7.670558  8.427
 34    14.687 53415.09355429 19.06 295.210994   7.673868  8.427
 34    14.849 53415.09355494 22.88 295.210254   7.677168  8.427
 34    16.082 53415.09355558 29.10 295.209524   7.680478  8.427
 35    41.492 53450.09354523  6.71 295.208561   7.659603 10.463
 35    30.598 53450.09354587  7.41 295.207831   7.662903 10.463
 35    18.761 53450.09354652 13.74 295.207091   7.666213 10.463
 35    16.984 53450.09354716 15.21 295.206361   7.669513 10.463
 35    14.140 53450.09354781 18.80 295.205621   7.672823 10.463
 35    15.963 53450.09354845 18.88 295.204881   7.676123 10.463
 36    41.458 53485.09363058  6.83 295.200737   7.658539  9.154
 36    17.127 53485.09363316 28.16 295.197797   7.671759  9.154
 37    45.939 53520.09362683  6.64 295.210114   7.660123  9.172
 37    46.442 53520.09362748  6.51 295.209384   7.663433  9.172
 37    21.286 53520.09362877 16.11 295.207914   7.670043  9.172
 37    21.521 53520.09362941 17.46 295.207174   7.673343  9.172
 37    21.567 53520.09363006 19.81 295.206444   7.676653  9.172
 38    43.598 53555.09365016 18.46 295.201230   7.660277 10.488
 38    23.882 53555.09365145 37.16 295.199760   7.666887 10.488
 38    24.099 53555.09365209 43.98 295.199020   7.670187 10.488
 39    45.376 53590.09359311 17.85 295.214960   7.661642  5.504
 39    45.519 53590.09359375 18.29 295.214230   7.664952  5.504
 39    25.233 53590.09359504 37.63 295.212759   7.671562  9.341
 39    25.088 53590.09359568 42.62 295.212019   7.674862  9.341
 39    23.300 53590.09359633 41.12 295.211289   7.678172  9.341
 39    25.943 53590.09359697 38.20 295.210549   7.681472  9.341
 40    25.180 53625.09357485 36.87 295.199787   7.664230 11.412
 40    25.075 53625.09357549 45.47 295.199057   7.667530 11.412
 40    24.924 53625.09357614 47.54 295.198317   7.670840 11.412
 41    42.927 53660.09360006 12.90 295.205921   7.659424  9.700
 41    21.760 53660.09360200 40.80 295.203721   7.669334  9.700
 41    19.193 53660.09360264 47.13 295.202981   7.672644  9.700
 42    47.957 53695.09357445  4.91 295.207778   7.662146  4.414
 42    49.418 53695.09357510  6.09 295.207037   7.665446 11.206
 42    25.760 53695.09357574 13.30 295.206307   7.668756 11.206
 42    21.318 53695.09357639 21.92 295.205567   7.672056 11.206
 42    21.396 53695.09357703 27.40 295.204837   7.675366 11.206
 43    24.110 53730.09349745 14.21 295.212149   7.663158  2.989
 43    21.713 53730.09349809 19.01 295.211412   7.666459  8.001
 43    17.474 53730.09349873 21.33 295.210682   7.669769  8.001
 43    18.017 53730.09349938 22.35 295.209942   7.673069  8.001
 43    18.064 53730.09350002 22.58 295.209212   7.676379  8.001
 43    20.342 53730.09350067 19.99 295.208472   7.679679  8.001
 43    20.061 53730.09350131 41.52 295.207742   7.682989  8.001
 45    35.247 53800.09346873 12.43 295.212638   7.662796 11.774
 45    14.703 53800.09347067 34.62 295.210438   7.672716 11.774
 45    12.774 53800.09347131 38.96 295.209698   7.676016 11.774
 45    17.083 53800.09347196 29.23 295.208968   7.679326 11.774
 45    19.825 53800.09347260 40.65 295.208228   7.682626 11.774
 46    36.064 53835.09347049 16.46 295.208063   7.662090  3.025
 46    36.012 53835.09347114 15.75 295.207331   7.665389  7.732
 46    15.919 53835.09347243 36.97 295.205861   7.671999  7.732
 46    13.256 53835.09347307 43.07 295.205121   7.675309  7.732
 47    46.199 53870.09353046 15.55 295.206983   7.660411  6.002
 47    48.067 53870.09353111 15.80 295.206243   7.663721  6.002
 47    50.303 53870.09353175 16.08 295.205513   7.667021  6.002
 47    51.419 53870.09353240 15.82 295.204783   7.670331  6.002
 47    53.174 53870.09353304 15.56 295.204046   7.673631  5.796
 48    47.191 53905.09356594 11.46 295.205529   7.661482  9.550
 48    48.743 53905.09356659 12.90 295.204799   7.664792  9.550
 48    50.142 53905.09356723 13.79 295.204059   7.668092  9.550
 48    52.367 53905.09356788 12.42 295.203329   7.671402  9.550
 49    47.095 53940.09359829 13.90 295.198465   7.658678  5.767
 49    46.648 53940.09359893 15.37 295.197735   7.661988  5.767
 49    47.398 53940.09359957 17.69 295.196995   7.665288  5.767
 49    26.840 53940.09360086 38.91 295.195529   7.671899  7.479
 50    48.279 53975.09355673 12.68 295.205931   7.662043  5.328
 50    26.904 53975.09355802 30.87 295.204461   7.668653  5.328
 50    26.155 53975.09355866 28.27 295.203721   7.671953  5.328
 50    27.278 53975.09355931 26.33 295.202991   7.675263  5.328
 51    45.528 54010.09355364 15.14 295.208456   7.662614  5.264
 51    45.265 54010.09355428 19.01 295.207726   7.665914  5.264
 51    45.447 54010.09355493 17.05 295.206986   7.669224  5.264
 51    24.751 54010.09355622 45.44 295.205513   7.675833  7.387
 52    47.817 54045.09357060  4.42 295.214002   7.661111  3.734
 52    47.462 54045.09357124  6.49 295.213262   7.664411  3.734
 52    21.004 54045.09357253 20.66 295.211792   7.671021  3.734
 52    21.145 54045.09357318 22.68 295.211052   7.674331  3.734
 52    22.143 54045.09357382 19.68 295.210324   7.677632  6.927
 52    22.471 54045.09357447 21.34 295.209584   7.680942  6.927
 53    47.548 54080.09356372  4.57 295.208683   7.661304  4.660
 53    39.056 54080.09356436  8.62 295.207943   7.664604  4.660
 53    20.524 54080.09356565 19.09 295.206473   7.671214  4.660
 53    20.407 54080.09356630 26.22 295.205743   7.674524  4.660
 54    36.694 54115.09349886 14.23 295.209400   7.661040  6.144
 54    36.010 54115.09349950 16.82 295.208670   7.664350  6.144
 54    16.141 54115.09350079 35.79 295.207200   7.670960  6.144
 54    13.575 54115.09350143 43.08 295.206460   7.674260  6.144
 54    18.480 54115.09350208 38.78 295.205730   7.677570  6.144
 56    77.617 54185.09348955  1.75 295.209667   7.660323  6.045
 56    73.708 54185.09349020  2.69 295.208937   7.663633  6.045
 56    65.326 54185.09349084  2.81 295.208197   7.666933  6.045
 56    51.148 54185.09349149  4.75 295.207467   7.670243  6.045
 56    52.628 54185.09349213  5.13 295.206727   7.673543  6.045
 56    54.554 54185.09349278  5.21 295.205997   7.676853  6.045
 57    38.022 54220.09352095 12.36 295.206892   7.659789  6.968
 57    37.942 54220.09352160 11.85 295.206162   7.663099  6.968
 57    16.584 54220.09352289 32.39 295.204692   7.669709  6.968
 57    15.873 54220.09352353 32.84 295.203952   7.673009  6.968
 58    52.422 54255.09354557  7.39 295.207657   7.661140  7.338
 58    48.100 54255.09354622 10.33 295.206917   7.664440  7.338
 58    50.625 54255.09354686 10.66 295.206187   7.667750  7.338
 58    52.448 54255.09354751 10.61 295.205447   7.671050  7.338
 58    54.061 54255.09354815 10.34 295.204717   7.674360  7.338
 59    47.728 54290.09354804  7.34 295.209952   7.662435  8.452
 59    49.073 54290.09354868  7.47 295.209222   7.665745  8.452
 59    50.330 54290.09354933  8.42 295.208482   7.669045  8.452
 59    51.274 54290.09354997  8.93 295.207752   7.672355  8.452
 60    47.955 54325.09354549  8.41 295.209926   7.663093  9.906
 60    50.324 54325.09354613  7.09 295.209196   7.666403  9.906
 60    25.815 54325.09354742 24.66 295.207726   7.673013  9.906
 60    26.522 54325.09354807 25.16 295.206986   7.676313  9.906
 61    44.834 54360.09349902 14.79 295.210172   7.662080  9.464
 61    47.993 54360.09349966  8.70 295.209432   7.665380  9.464
 61    25.819 54360.09350095 29.20 295.207962   7.671990  9.464
 61    26.184 54360.09350160 32.53 295.207232   7.675300  9.464
 61    26.466 54360.09350224 32.71 295.206492   7.678600  9.464
 62    48.897 54395.09348487  6.15 295.209743   7.659822  9.276
 62    48.661 54395.09348552  5.39 295.209013   7.663122  9.276
 62    50.315 54395.09348616  5.47 295.208273   7.666432  9.276
 62    24.008 54395.09348745 21.20 295.206803   7.673042  9.276
 62    24.276 54395.09348810 22.81 295.206063   7.676342  9.276
 63    53.637 54430.09344849  3.22 295.211023   7.660141  9.567
 63    47.695 54430.09344914  5.32 295.210293   7.663451  9.567
 63    26.779 54430.09344978 12.18 295.209553   7.666751  9.567
 63    21.005 54430.09345107 21.85 295.208083   7.673361  9.567
 63    21.113 54430.09345172 34.10 295.207353   7.676671  9.567
 64    37.791 54465.09346508 10.94 295.209521   7.661752  7.113
 64    17.196 54465.09346701 24.82 295.207311   7.671672  7.113
 64    19.385 54465.09346766 24.37 295.206571   7.674972  7.113
 64    18.513 54465.09346830 40.06 295.205841   7.678282  7.113
 65    34.675 54500.09346055 13.79 295.210147   7.661825  7.529
 65    35.233 54500.09346120 16.48 295.209417   7.665135  7.529
 65    13.660 54500.09346313 33.87 295.207207   7.675045  7.529
 65    16.826 54500.09346378 30.17 295.206477   7.678355  7.529
 66    45.837 54535.09347945  5.44 295.210049   7.661400  2.449
 66    31.440 54535.09348010  7.64 295.209319   7.664710  2.449
 66    32.287 54535.09348074  8.66 295.208579   7.668010  2.449
 66    18.027 54535.09348139 12.60 295.207839   7.671320  2.449
 66    16.072 54535.09348203 16.70 295.207114   7.674618  8.600
 66    19.107 54535.09348268 14.62 295.206374   7.677928  8.600
 67    47.879 54570.09346402  9.56 295.209878   7.663048  7.286
 67    50.287 54570.09346466  9.73 295.209148   7.666358  7.286
 67    50.998 54570.09346530  9.72 295.208408   7.669658  7.286
 67    52.704 54570.09346595  9.85 295.207678   7.672968  7.286
 67    54.368 54570.09346659  9.66 295.206938   7.676268  7.286
 68    55.287 54605.09347423  6.01 295.207970   7.660729  6.972
 68    49.383 54605.09347488  8.86 295.207230   7.664029  6.972
 68    50.280 54605.09347552  9.54 295.206500   7.667339  6.972
 68    52.023 54605.09347617  9.55 295.205760   7.670639  6.972
 68    53.507 54605.09347681  9.86 295.205030   7.673949  6.972
 69    49.110 54640.09348367  6.60 295.208251   7.659982 11.310
 69    48.602 54640.09348431  7.18 295.207521   7.663292 11.310
 69    50.304 54640.09348496  7.73 295.206781   7.666592 11.310
 69    21.934 54640.09348625 20.67 295.205311   7.673202 11.310
 69    21.944 54640.09348689 33.05 295.204581   7.676512 11.310
 70    46.409 54675.09348623 15.89 295.207388   7.660779  8.146
 70    46.788 54675.09348687 17.30 295.206648   7.664089  8.146
 70    47.177 54675.09348752 18.00 295.205908   7.667389  8.146
 71    46.696 54710.09344344 15.94 295.210910   7.663131  7.659
 71    47.480 54710.09344409 17.55 295.210180   7.666441  7.659
 71    26.784 54710.09344538 38.78 295.208710   7.673051  7.659
 71    26.933 54710.09344602 41.49 295.207970   7.676351  7.659
 71    26.961 54710.09344667 41.66 295.207240   7.679661  7.659
 72    45.230 54745.09345361 17.20 295.207883   7.661810  7.945
 72    24.247 54745.09345490 36.16 295.206413   7.668420  7.945
 72    23.845 54745.09345555 41.31 295.205673   7.671720  7.945
 72    24.553 54745.09345619 45.37 295.204943   7.675030  7.945
 73    21.525 54780.09342812 41.62 295.208569   7.669703  9.544
 73    21.082 54780.09342876 46.14 295.207839   7.673013  9.544
 73    19.131 54780.09342941 41.03 295.207099   7.676313  9.544
 74    19.928 54815.09344799 36.35 295.206666   7.669202 10.765
 74    19.862 54815.09344864 32.91 295.205926   7.672502 10.765
 74    21.948 54815.09344928 35.17 295.205196   7.675812 10.765
 75    23.993 54850.09342584 10.73 295.209463   7.661906  9.076
 75    22.192 54850.09342648 12.79 295.208733   7.665216  9.076
 75    19.165 54850.09342713 16.46 295.207993   7.668516  9.076
 75    16.980 54850.09342777 21.37 295.207263   7.671826  9.076
 75    19.165 54850.09342841 21.08 295.206523   7.675126  9.076
 76    45.594 54885.09345024  5.11 295.207248   7.661490  8.381
 76    28.349 54885.09345089  9.77 295.206508   7.664790  8.381
 76    21.445 54885.09345153 13.14 295.205778   7.668100  8.381
 76    15.536 54885.09345218 20.70 295.205038   7.671400  8.381
 76    15.856 54885.09345282 21.46 295.204308   7.674710  8.381
 77    36.705 54920.09342672  8.49 295.207889   7.660060  7.927
 77    44.765 54920.09342736  8.86 295.207149   7.663360  7.927
 77    15.308 54920.09342865 21.82 295.205679   7.669970  7.927
 77    12.920 54920.09342930 27.53 295.204949   7.673280  7.927
 77    16.386 54920.09342994 18.55 295.204209   7.676580  7.927
 78    38.649 54955.09344568 14.36 295.207315   7.659897 12.366
 78    37.444 54955.09344632 18.86 295.206575   7.663197 12.366
 78    14.828 54955.09344826 46.00 295.204375   7.673117 12.366
 78    15.152 54955.09344890 31.80 295.203635   7.676417 12.366
 79    72.069 54990.09346938  1.01 295.205826   7.660015  9.505
 79    68.526 54990.09347002  2.14 295.205096   7.663315  9.505
 79    52.374 54990.09347066  2.88 295.204356   7.666625  9.505
 79    51.570 54990.09347131  3.46 295.203616   7.669925  9.505
 79    52.301 54990.09347195  4.03 295.202886   7.673235  9.505
 80    52.642 55025.09346022  8.59 295.210256   7.660020  7.051
 80    47.939 55025.09346086 11.00 295.209526   7.663330  7.051
 80    50.062 55025.09346151 11.01 295.208786   7.666630  7.051
 80    51.016 55025.09346215  9.42 295.208056   7.669940  7.051
 80    51.486 55025.09346280 13.36 295.207316   7.673240  7.051
 81    45.571 55060.09345468 11.51 295.209113   7.660164 10.406
 81    46.665 55060.09345532  8.95 295.208383   7.663474 10.406
 81    25.112 55060.09345597 25.16 295.207643   7.666774 10.406
 81    24.883 55060.09345661 26.44 295.206913   7.670084 10.406
 81    25.769 55060.09345726 26.77 295.206173   7.673384 10.406
 81    25.940 55060.09345790 38.01 295.205443   7.676694 10.406
 82    45.029 55095.09340659 12.17 295.209277   7.660502  8.282
 82    23.944 55095.09340788 31.51 295.207807   7.667112  8.282
 82    24.352 55095.09340852 35.26 295.207067   7.670412  8.282
 82    24.510 55095.09340917 36.51 295.206337   7.673722  8.282
 82    24.793 55095.09340981 42.94 295.205597   7.677022  8.282
 83    45.215 55130.09339617  6.06 295.208474   7.660274 11.803
 83    20.274 55130.09339746 17.08 295.207004   7.666884 11.803
 83    21.106 55130.09339811 19.88 295.206274   7.670194 11.803
 83    21.609 55130.09339875 24.58 295.205534   7.673494 11.803
 83    21.670 55130.09339940 38.48 295.204804   7.676804 11.803
 84    46.197 55165.09336803  4.78 295.210094   7.660935  8.460
 84    39.964 55165.09336867  9.69 295.209354   7.664235  8.460
 84    19.430 55165.09336932 15.19 295.208624   7.667545  8.460
 84    17.880 55165.09336996 16.74 295.207884   7.670845  8.460
 84    19.225 55165.09337060 20.11 295.207154   7.674155  8.460
 84    20.185 55165.09337125 19.92 295.206414   7.677455  8.460
 85    34.720 55200.09338845 12.50 295.207631   7.660933  8.420
 85    33.913 55200.09338910 15.37 295.206891   7.664233  8.420
 85    14.486 55200.09339039 25.68 295.205421   7.670843  8.420
 85    13.491 55200.09339103 29.87 295.204691   7.674153  8.420
 86    32.789 55235.09337405 19.75 295.208533   7.662585  7.878
 86    33.095 55235.09337470 22.02 295.207803   7.665895  7.878
 86    10.955 55235.09337663 25.68 295.205593   7.675805  7.878
 87    33.517 55270.09338220 12.90 295.209003   7.659639  9.628
 87    33.454 55270.09338284 11.79 295.208273   7.662949  9.628
 87    10.051 55270.09338478 38.12 295.206063   7.672859  9.628
 87     9.428 55270.09338542 34.25 295.205333   7.676169  9.628
 88    36.285 55305.09335506 15.98 295.210645   7.661657  8.391
 88    35.499 55305.09335571 16.34 295.209915   7.664967  8.391
 88    36.892 55305.09335635 11.13 295.209175   7.668267  8.391
 88    50.587 55305.09335700  7.13 295.208445   7.671577  8.391
 88    16.238 55305.09335829 24.18 295.206975   7.678187  8.391
 89    43.336 55340.09335463 12.99 295.209097   7.659833  6.913
 89    41.714 55340.09335528 16.19 295.208367   7.663143  6.913
 89    41.689 55340.09335592 18.22 295.207627   7.666443  6.913
 89    42.137 55340.09335657 17.08 295.206897   7.669753  6.913
 89    20.393 55340.09335785 38.97 295.205427   7.676363  6.913
 90    51.230 55375.09334686  5.81 295.209306   7.662867  9.703
 90    50.337 55375.09334750  7.69 295.208566   7.666167  9.703
 90    51.448 55375.09334815  7.95 295.207836   7.669477  9.703
 90    53.099 55375.09334879  7.57 295.207096   7.672777  9.703
 91    47.483 55410.09336869 12.97 295.209584   7.661261 10.603
 91    47.444 55410.09336933 15.53 295.208844   7.664561 10.603
 91    47.538 55410.09336998 16.06 295.208114   7.667871 10.603
 91    27.358 55410.09337127 39.14 295.206644   7.674481 10.603
 91    27.572 55410.09337191 44.86 295.205904   7.677781 10.603
 92    47.634 55445.09336386 15.73 295.208807   7.663746  9.554
 92    47.918 55445.09336451 18.97 295.208067   7.667046  9.554
 92    48.746 55445.09336515 19.73 295.207337   7.670356  9.554
 92    27.196 55445.09336644 45.92 295.205867   7.676966  9.554
 93    45.424 55480.09329845 13.45 295.210809   7.663168  7.793
 93    44.806 55480.09329909 15.40 295.210069   7.666468  7.793
 93    24.059 55480.09330038 36.32 295.208599   7.673078  7.793
 93    23.623 55480.09330103 44.18 295.207869   7.676388  7.793
 93    23.443 55480.09330167 46.95 295.207129   7.679688  7.793
