#    0.000   0.000   0.000 ;Mean Elev.(m), Avg Gradient(m/km), RMS Gradient(m/km) - SRTM1     
#    0.000   0.000   0.000 ;Mean Elev.(m), Avg Gradient(m/km), RMS Gradient(m/km) - ASTER GDEM
#   13.111  -6.898  12.294 ;Mean Elev.(m), Avg Gradient(m/km), RMS Gradient(m/km) - GMTED2010 
  8 295.854850   7.985166    21.905    19.708  9 52486.09157830 24.504
  9 295.854364   7.988507    28.565    27.834  9 52521.09154594 34.309
 11 295.850987   7.987808    15.412    15.402  8 52591.09158802 16.991
 12 295.862742   7.983503    15.381    12.713  9 52626.09150895 13.787
 13 295.855130   7.982233     9.343     9.441  7 52661.09155149 18.796
 14 295.857419   7.980395     7.826     8.039  7 52696.09152994 23.458
 15 295.860577   7.986712     7.565     7.282 12 52731.09155860 17.822
 16 295.849909   7.984583    12.960    12.505  8 52766.09156814 12.144
 17 295.855097   7.989282    15.180    15.152  9 52801.09156755 16.015
 18 295.856088   7.990735    24.030    24.423 10 52836.09163461 21.333
 19 295.857564   7.987745    30.474    30.002 10 52871.09167479 44.247
 20 295.855961   7.988835    23.533    19.198 10 52906.09167211 22.943
 21 295.856360   7.986959    21.363    22.419  9 52941.09160300 18.685
 23 295.850241   7.990053    13.604    13.428  9 53011.09165522 15.803
 24 295.850980   7.992344    11.625     9.183  9 53046.09162019 17.647
 25 295.848008   7.990682     9.354     8.913  9 53081.09165397 16.537
 26 295.848526   7.988575     9.003     9.087  7 53116.09162411 20.653
 27 295.846673   7.998370    14.832    15.054  9 53151.09167412 15.748
 28 295.862516   7.986466    25.861    28.201 11 53186.09165861 20.810
 29 295.853849   7.995469    26.777    27.866 10 53221.09168664 26.246
 30 295.849080   7.994906    24.854    25.140  9 53256.09166313 27.750
 31 295.846058   7.987898    19.099    19.470  7 53291.09167479 36.658
 32 295.857851   7.990035    19.127    15.329  9 53326.09164943 16.734
 33 295.859277   7.988457    15.631    13.484 10 53361.09160706 14.494
 34 295.853142   7.985544    10.440    10.586  7 53396.09162638 21.482
 35 295.857525   7.989731     9.643     9.774  8 53431.09161920 16.822
 36 295.853817   7.989524     8.616     8.635  7 53466.09164983 17.512
 37 295.846503   7.993702    20.770    21.311 10 53501.09170899 43.398
 38 295.852963   7.998559    16.069    15.856  8 53536.09169961 20.263
 40 295.854121   7.993922    26.599    27.231 10 53606.09165451 44.154
 41 295.851438   7.986565    18.146    17.961  7 53641.09165318 23.592
 42 295.849508   7.986128    15.952    16.142  8 53676.09167244 17.931
 43 295.858305   7.992338    25.324    26.003 10 53711.09160299 20.898
 44 295.857606   7.983640    12.271    12.061  8 53746.09151177 17.193
 45 295.859577   7.984496    12.495    12.449  9 53781.09154315 15.405
 46 295.859489   7.984037    10.036     9.281  8 53816.09151130 15.893
 47 295.850361   7.985230    11.530    11.633  8 53851.09157991 20.485
 48 295.861590   7.991559    51.015    51.478  7 53886.09158938  4.423
 49 295.842797   7.998134    23.559    24.715 11 53921.09166122 25.286
 50 295.844803   7.993564    28.524    27.931  9 53956.09165742 43.699
 52 295.852932   7.996323    20.057    15.891  8 54026.09164251 21.852
 53 295.861182   7.984015    19.323    14.810  8 54061.09163287 15.089
 54 295.855963   7.983353    13.901    13.876  7 54096.09160617 15.877
 55 295.855241   7.984833    10.025    10.051  7 54131.09155440 19.320
 56 295.853925   7.985853     8.285     8.283  8 54166.09157915 20.210
 57 295.854341   7.985536    10.316    10.199  8 54201.09155729 15.992
 58 295.852154   8.003542    12.877    12.914  7 54236.09159758 14.766
 59 295.854472   7.992115    31.988    32.627 11 54271.09161637 39.677
 60 295.853804   7.994174    25.709    26.680 10 54306.09161903 23.429
 61 295.855751   7.990052    26.704    27.755 10 54341.09159980 21.464
 62 295.853670   7.992064    24.557    26.008 11 54376.09155319 27.782
 63 295.855057   7.985032    21.980    18.457  9 54411.09154538 28.379
 64 295.854870   7.985405    14.423    14.336  8 54446.09151581 16.007
 65 295.855931   7.988210    11.330    11.417  8 54481.09153757 21.998
 66 295.855204   7.987941     9.225     9.208  7 54516.09153041 22.105
 67 295.855950   7.983174     8.975     9.330  6 54551.09154953 24.818
 68 295.855236   7.986609    12.675     9.453  8 54586.09152634 18.682
 69 295.851634   8.000339    25.322    21.126  9 54621.09154802 43.127
 70 295.851753   7.994312    24.171    24.995 10 54656.09155674 25.425
 71 295.853219   7.994531    26.378    26.657 10 54691.09154178 28.249
 72 295.855709   7.985084    25.120    25.468  8 54726.09150644 43.846
 73 295.853772   7.988522    22.521    19.452  9 54761.09151713 41.903
 74 295.853963   7.984423    15.805    15.738  7 54796.09149891 17.511
 75 295.854884   7.985756    16.270    13.474  8 54831.09151719 23.985
 76 295.855627   7.984215    11.090    10.859  8 54866.09149446 19.918
 77 295.852413   7.991517    16.302    17.284 11 54901.09151682 16.369
 78 295.854411   7.989678    10.258    10.080  7 54936.09148617 16.868
 80 295.851413   7.992648    24.807    25.131 11 55006.09153894 32.728
 81 295.855391   7.988336    23.565    23.825 10 55041.09152601 19.546
 82 295.854736   7.988018    20.074    20.050  6 55076.09150758 46.443
 83 295.853709   7.991513    25.767    26.900 10 55111.09145923 19.047
 84 295.854271   7.983350    14.359    14.397  8 55146.09145958 19.262
 85 295.855457   7.982681    12.220    12.505  7 55181.09143516 17.983
 86 295.855700   7.982890     8.925     9.700  6 55216.09145435 25.975
 87 295.855298   7.991181     7.057     7.405 11 55251.09143320 37.026
 88 295.854108   7.986631    11.904     9.398  9 55286.09144858 16.734
 89 295.852324   7.990476    15.692    13.758 10 55321.09142394 16.353
 90 295.851271   7.999684    32.365    28.337  9 55356.09142574 33.983
 91 295.852267   7.993183    28.072    27.315 10 55391.09142501 22.180
 92 295.853790   7.994519    27.499    28.563 11 55426.09144142 28.126
 93 295.855670   7.991592    24.104    20.445  9 55461.09140824 24.645
