#    0.000   0.000   0.000 ;Mean Elev.(m), Avg Gradient(m/km), RMS Gradient(m/km) - SRTM1     
#    0.000   0.000   0.000 ;Mean Elev.(m), Avg Gradient(m/km), RMS Gradient(m/km) - ASTER GDEM
#   20.750  -2.243   5.705 ;Mean Elev.(m), Avg Gradient(m/km), RMS Gradient(m/km) - GMTED2010 
  8 294.435870   7.921202    30.774    30.763  3 52489.09554493 36.972
  9 294.431911   7.923649    30.729    30.729  2 52524.09552111 38.332
 10 294.428376   7.921577    27.617    27.617  2 52559.09557044 24.373
 11 294.425432   7.923336    25.036    25.036  2 52594.09557344 35.575
 12 294.436105   7.921096    21.918    21.824  3 52629.09550009 34.796
 13 294.429853   7.923451    19.987    19.987  2 52664.09553519 24.664
 14 294.436395   7.919931    23.518    23.518  2 52699.09550908 18.324
 15 294.439594   7.919477    19.957    19.903  4 52734.09553455 22.164
 17 294.429836   7.923823    26.449    26.449  2 52804.09556067 45.710
 18 294.432926   7.921855    29.164    29.164  2 52839.09562284 45.839
 19 294.431997   7.923033    30.742    30.742  2 52874.09566255 49.462
 21 294.439045   7.918862    27.479    27.465  3 52944.09557276 28.505
 22 294.432276   7.922722    25.878    25.521  3 52979.09562813 27.101
 23 294.429522   7.923695    22.424    22.424  2 53014.09562657 38.809
 24 294.431346   7.923473    18.135    18.135  2 53049.09559850 32.313
 25 294.425003   7.922302    18.179    18.179  2 53084.09563379 48.308
 26 294.427623   7.924088    19.102    19.102  2 53119.09560442 39.107
 27 294.425500   7.923073    25.919    25.919  2 53154.09565610 43.144
 28 294.438639   7.919666    28.437    28.387  4 53189.09564422 30.200
 29 294.434876   7.920567    30.708    30.582  3 53224.09565861 51.067
 30 294.428392   7.922410    29.999    29.999  2 53259.09563424 28.111
 31 294.423009   7.923502    28.479    28.479  2 53294.09565913 33.385
 32 294.433711   7.921265    25.610    25.018  3 53329.09563170 25.944
 33 294.436453   7.921682    24.225    24.426  3 53364.09558334 30.156
 35 294.434850   7.922778    18.865    18.865  2 53434.09559766 45.613
 36 294.429204   7.923997    20.138    20.138  2 53469.09563984 21.481
 37 294.426984   7.922915    24.306    24.306  2 53504.09568444 49.121
 38 294.430160   7.923822    27.020    27.020  2 53539.09568240 49.979
 39 294.428633   7.921710    28.047    28.047  2 53574.09567971 45.686
 40 294.431479   7.922196    29.138    29.138  2 53609.09562961 28.810
 41 294.429875   7.924740    27.846    27.846  2 53644.09563252 48.486
 42 294.426620   7.923047    24.906    24.906  2 53679.09564998 22.181
 43 294.436478   7.920343    24.637    24.548  3 53714.09557751 22.974
 44 294.436307   7.920623    20.024    19.899  3 53749.09549241 50.745
 45 294.436737   7.919647    21.071    21.037  3 53784.09552283 26.023
 46 294.436667   7.920966    19.831    19.824  3 53819.09548448 45.481
 48 294.439637   7.919958    25.427    25.443  4 53889.09557255 24.902
 49 294.421546   7.922584    28.717    28.717  2 53924.09564111 35.795
 50 294.424890   7.922667    30.763    30.646  3 53959.09563190 33.723
 51 294.433549   7.922660    29.353    29.261  3 53994.09556254 30.894
 52 294.433276   7.922014    26.263    26.263  2 54029.09562163 35.529
 53 294.436463   7.920625    25.434    25.360  4 54064.09561458 47.325
 54 294.432409   7.922709    21.914    21.880  3 54099.09558174 47.256
 55 294.431690   7.921836    19.266    19.266  2 54134.09553959 48.247
 58 294.432468   7.922940    23.632    23.632  2 54239.09557857 22.791
 59 294.432813   7.921431    26.219    26.219  2 54274.09559577 25.670
 60 294.432770   7.921606    30.271    30.271  2 54309.09559714 32.683
 61 294.434158   7.921937    30.292    30.263  3 54344.09557442 47.838
 62 294.431671   7.923018    28.823    28.823  2 54379.09553320 42.544
 63 294.432232   7.922724    26.876    26.757  3 54414.09552244 45.244
 64 294.431358   7.922380    22.312    22.312  2 54449.09549982 42.225
 65 294.434097   7.921346    23.058    23.058  2 54484.09551634 21.637
 66 294.432779   7.922466    18.261    18.261  2 54519.09551336 43.158
 67 294.432551   7.921924    22.401    23.704  3 54554.09552825 20.973
 69 294.431931   7.922652    24.615    24.615  2 54624.09552702 51.139
 70 294.429981   7.923181    28.080    28.080  2 54659.09553567 45.414
 71 294.433014   7.921730    29.989    30.037  3 54694.09551584 30.387
 72 294.432186   7.922171    29.126    29.126  2 54729.09548997 44.781
 73 294.431603   7.923518    26.557    26.557  2 54764.09549375 27.932
 74 294.430667   7.922617    25.712    25.712  2 54799.09548285 22.551
 75 294.431810   7.922443    21.598    21.598  2 54834.09548451 38.591
 76 294.431984   7.922706    20.623    20.668  3 54869.09547996 23.650
 77 294.430478   7.923516    20.556    20.556  2 54904.09549361 21.554
 78 294.431834   7.921847    20.057    20.057  2 54939.09547085 26.638
 79 294.430941   7.923745    21.994    21.994  2 54974.09550254 50.540
 80 294.431192   7.922040    24.489    24.489  2 55009.09551569 21.167
 81 294.432628   7.921452    28.532    28.532  2 55044.09550547 44.597
 82 294.432758   7.922444    28.801    28.819  3 55079.09548270 49.709
 83 294.432416   7.921415    26.122    26.122  2 55114.09543773 24.086
 84 294.430830   7.923364    26.907    26.907  2 55149.09543802 19.027
 85 294.430623   7.924571    19.494    19.494  2 55184.09542114 43.805
 86 294.431263   7.922454    17.466    17.466  2 55219.09543601 47.954
 87 294.433169   7.922217    16.530    16.530  2 55254.09541626 47.193
 89 294.429992   7.922565    23.986    23.986  2 55324.09540438 41.063
 90 294.430877   7.924374    27.077    27.077  2 55359.09540260 29.676
 91 294.431264   7.922862    29.923    29.923  2 55394.09540608 40.036
 92 294.432927   7.922486    31.062    31.062  2 55429.09541803 48.148
 93 294.435151   7.920233    29.526    29.402  3 55464.09538038 44.018
