#    0.000   0.000   0.000 ;Mean Elev.(m), Avg Gradient(m/km), RMS Gradient(m/km) - SRTM1     
#    0.000   0.000   0.000 ;Mean Elev.(m), Avg Gradient(m/km), RMS Gradient(m/km) - ASTER GDEM
#   63.490  -0.016  14.029 ;Mean Elev.(m), Avg Gradient(m/km), RMS Gradient(m/km) - GMTED2010 
  7    68.965 52460.10301467 39.66 292.147155   5.278833 24.487
  7    69.001 52460.10301531 38.44 292.146425   5.282143 24.487
  7    69.151 52460.10301596 41.68 292.145695   5.285443 24.487
  9    68.002 52530.10299062 30.89 292.143587   5.273444 14.127
  9    68.292 52530.10299126 29.35 292.142857   5.276754 14.127
  9    68.337 52530.10299191 30.77 292.142119   5.280060 16.050
 10    63.792 52565.10300828 49.08 292.153391   5.273488 29.903
 10    63.618 52565.10300892 51.32 292.152651   5.276798 29.903
 10    63.725 52565.10300957 47.44 292.151921   5.280098 29.903
 10    63.717 52565.10301021 46.57 292.151191   5.283408 29.903
 10    63.684 52565.10301086 46.60 292.150461   5.286708 29.903
 10    63.725 52565.10301150 50.39 292.149731   5.290018 29.903
 10    63.589 52565.10301215 49.79 292.149001   5.293318 29.903
 10    63.664 52565.10301279 52.14 292.148271   5.296628 29.903
 10    63.590 52565.10301344 52.69 292.147541   5.299928 29.903
 10    63.693 52565.10301408 50.86 292.146811   5.303238 29.903
 11    65.382 52600.10303472 46.16 292.139777   5.271325 19.824
 11    65.441 52600.10303536 47.34 292.139057   5.274625 19.824
 11    65.495 52600.10303601 47.47 292.138317   5.277935 19.824
 12    61.769 52635.10299202 41.04 292.142352   5.273444 18.575
 12    61.699 52635.10299266 42.28 292.141612   5.276754 18.575
 12    61.769 52635.10299331 46.71 292.140882   5.280054 18.575
 13    59.129 52670.10300199 34.20 292.143016   5.275284 15.627
 13    59.138 52670.10300263 41.65 292.142276   5.278584 15.627
 14    56.747 52705.10299193 32.12 292.147000   5.276687 16.901
 14    56.416 52705.10299257 29.90 292.146270   5.279987 16.901
 14    56.320 52705.10299322 28.77 292.145540   5.283297 16.901
 15    59.221 52740.10302662 20.93 292.143135   5.275040  8.172
 15    59.264 52740.10302726 21.48 292.142405   5.278340  8.172
 16    64.315 52775.10297495 33.49 292.148592   5.279158 17.822
 16    64.430 52775.10297560 34.37 292.147862   5.282458 17.822
 16    64.354 52775.10297624 36.96 292.147132   5.285768 17.822
 16    64.345 52775.10297689 35.16 292.146412   5.289068 17.822
 17    67.195 52810.10304849 46.90 292.141502   5.274101 19.004
 17    67.172 52810.10304913 46.44 292.140772   5.277401 19.004
 17    67.221 52810.10304978 42.34 292.140042   5.280711 19.004
 18    68.781 52845.10310479 49.38 292.143435   5.275157 23.309
 18    69.027 52845.10310543 37.44 292.142705   5.278457 23.309
 19    68.956 52880.10314204 48.45 292.142579   5.273623 21.776
 19    69.032 52880.10314268 47.69 292.141849   5.276933 21.776
 19    68.891 52880.10314333 42.61 292.141109   5.280233 21.776
 20    66.874 52915.10310044 40.81 292.148256   5.278909 24.181
 20    66.983 52915.10310108 40.23 292.147536   5.282209 24.181
 20    66.975 52915.10310173 43.65 292.146796   5.285519 24.181
 20    66.976 52915.10310237 43.16 292.146076   5.288819 24.181
 21    65.059 52950.10305963 41.59 292.148425   5.277645 16.268
 21    65.122 52950.10306028 40.54 292.147695   5.280955 16.268
 21    65.171 52950.10306092 42.02 292.146965   5.284255 16.268
 21    64.829 52950.10306157 36.62 292.146225   5.287565 16.268
 22    63.146 52985.10308384 37.37 292.150110   5.277026 14.344
 22    63.181 52985.10308448 35.72 292.149380   5.280336 14.344
 22    62.969 52985.10308513 35.60 292.148650   5.283636 14.344
 22    62.909 52985.10308577 32.55 292.147920   5.286946 14.344
 22    62.734 52985.10308642 28.03 292.147190   5.290246 14.344
 22    62.700 52985.10308706 25.58 292.146450   5.293556 14.344
 22    63.400 52985.10308771 28.16 292.145720   5.296856 14.344
 23    60.425 53020.10307456 32.24 292.147105   5.275556  9.482
 23    60.595 53020.10307520 30.53 292.146375   5.278856  9.482
 23    60.309 53020.10307585 28.67 292.145645   5.282166  9.482
 24    57.991 53055.10306160 25.13 292.149004   5.277018  6.972
 24    58.019 53055.10306224 23.49 292.148274   5.280318  6.972
 24    57.865 53055.10306289 20.52 292.147534   5.283628  6.972
 24    57.961 53055.10306353 16.35 292.146804   5.286928  6.972
 24    57.784 53055.10306417 15.99 292.146074   5.290238  6.972
 25    59.075 53090.10309638 51.03 292.139767   5.263030 25.572
 25    59.067 53090.10309703 49.60 292.139037   5.266340 25.572
 25    58.984 53090.10309767 52.32 292.138307   5.269650 25.572
 25    59.212 53090.10309832 49.03 292.137567   5.272950 25.572
 25    59.040 53090.10309896 52.36 292.136837   5.276260 25.572
 26    61.474 53125.10306910 37.67 292.145715   5.275519 12.505
 26    61.248 53125.10306974 35.94 292.144985   5.278819 12.505
 27    67.110 53160.10312774 47.33 292.140555   5.263517 19.100
 27    66.885 53160.10312838 42.18 292.139825   5.266817 19.100
 27    67.117 53160.10312903 48.72 292.139095   5.270127 19.100
 27    67.042 53160.10312967 48.29 292.138365   5.273427 19.100
 27    67.035 53160.10313032 46.47 292.137625   5.276737 19.100
 28    68.684 53195.10312612 43.34 292.147383   5.275677 23.573
 28    68.502 53195.10312676 40.29 292.146653   5.278977 23.573
 28    68.510 53195.10312741 37.97 292.145923   5.282287 23.573
 28    68.692 53195.10312805 39.86 292.145183   5.285587 23.573
 29    68.658 53230.10311420 32.12 292.149821   5.276236 17.547
 29    68.488 53230.10311484 31.84 292.149091   5.279546 17.547
 29    68.353 53230.10311549 31.20 292.148351   5.282846 17.547
 29    68.375 53230.10311613 32.13 292.147621   5.286156 17.547
 29    68.412 53230.10311678 32.84 292.146891   5.289456 17.547
 29    68.467 53230.10311742 33.77 292.146161   5.292766 17.547
 30    67.734 53265.10308490 44.99 292.143724   5.274156 18.691
 30    67.658 53265.10308555 45.65 292.142994   5.277456 18.691
 30    67.639 53265.10308619 39.20 292.142254   5.280766 18.691
 31    65.350 53300.10313075 44.60 292.137085   5.264158 20.502
 31    65.478 53300.10313139 47.20 292.136355   5.267458 20.502
 31    65.450 53300.10313204 49.10 292.135625   5.270768 20.502
 31    65.592 53300.10313268 49.37 292.134895   5.274068 20.502
 32    63.015 53335.10310239 37.57 292.144764   5.274208 14.543
 32    63.094 53335.10310304 36.03 292.144034   5.277508 14.543
 32    63.108 53335.10310368 34.30 292.143304   5.280818 14.543
 33    61.360 53370.10304193 39.35 292.147388   5.276229 14.405
 33    61.009 53370.10304257 39.11 292.146658   5.279539 14.405
 33    60.841 53370.10304322 35.72 292.145928   5.282839 14.405
 33    60.517 53370.10304386 32.56 292.145198   5.286149 14.405
 35    59.410 53440.10306181 30.40 292.146364   5.273042 13.049
 35    59.443 53440.10306245 31.29 292.145634   5.276352 13.049
 35    59.666 53440.10306310 32.26 292.144904   5.279652 13.049
 36    61.632 53475.10312537 48.84 292.139821   5.274937 23.105
 36    61.861 53475.10312602 49.36 292.139101   5.278237 23.105
 37    66.012 53510.10314162 40.69 292.144752   5.273149 15.138
 37    66.011 53510.10314227 40.91 292.144022   5.276459 15.138
 37    65.915 53510.10314291 40.09 292.143292   5.279759 15.138
 38    67.170 53545.10315871 19.79 292.140263   5.275181  7.895
 38    69.141 53545.10315936 16.24 292.139533   5.278491  7.895
 40    67.568 53615.10308944 33.61 292.142449   5.274351 13.862
 40    67.867 53615.10309009 32.56 292.141719   5.277661 13.862
 41    64.274 53650.10309913 41.49 292.146515   5.273740 15.623
 41    64.206 53650.10309977 41.73 292.145785   5.277050 15.623
 41    64.197 53650.10310042 39.48 292.145045   5.280350 15.623
 42    63.650 53685.10310966 45.77 292.140440   5.272556 18.234
 42    63.609 53685.10311030 49.33 292.139710   5.275866 18.234
 42    63.719 53685.10311095 49.51 292.138980   5.279166 18.234
 43    62.649 53720.10303700 44.77 292.147657   5.278494 20.853
 43    62.691 53720.10303764 44.14 292.146937   5.281794 20.853
 43    62.863 53720.10303829 47.86 292.146197   5.285104 20.853
 44    59.910 53755.10296084 47.64 292.151751   5.276973 14.729
 44    59.951 53755.10296149 38.23 292.151021   5.280273 14.729
 44    59.766 53755.10296213 35.73 292.150291   5.283583 14.729
 44    59.550 53755.10296278 32.27 292.149551   5.286883 14.729
 44    59.150 53755.10296342 29.35 292.148821   5.290193 14.729
 44    58.717 53755.10296407 24.88 292.148091   5.293493 14.729
 44    60.048 53755.10296471 23.62 292.147361   5.296803 14.729
 44    60.080 53755.10296535 23.23 292.146631   5.300103 14.729
 44    59.879 53755.10296600 21.35 292.145901   5.303413 14.729
 45    59.499 53790.10299090 25.78 292.148505   5.278305  9.318
 45    59.622 53790.10299155 22.74 292.147765   5.281615  9.318
 45    58.780 53790.10299219 21.68 292.147035   5.284915  9.318
 45    59.049 53790.10299284 19.46 292.146305   5.288225  9.318
 46    60.115 53825.10294686 36.07 292.149187   5.276743 19.652
 46    60.121 53825.10294751 33.99 292.148457   5.280043 19.652
 46    59.965 53825.10294815 32.40 292.147727   5.283353 19.652
 46    60.095 53825.10294880 31.94 292.146997   5.286663 19.652
 46    59.995 53825.10294944 31.59 292.146267   5.289963 19.652
 47    62.562 53860.10304001 37.36 292.141460   5.272615 11.875
 47    62.242 53860.10304066 41.59 292.140730   5.275925 11.875
 47    62.390 53860.10304130 34.07 292.140000   5.279235 11.875
 48    66.412 53895.10305832 43.50 292.146752   5.275243 15.658
 48    66.443 53895.10305897 40.93 292.146022   5.278543 15.658
 48    66.379 53895.10305961 39.09 292.145292   5.281853 15.658
 49    68.665 53930.10311011 39.26 292.137428   5.262329 14.050
 49    68.605 53930.10311075 42.13 292.136698   5.265629 14.050
 49    68.680 53930.10311140 45.91 292.135968   5.268939 14.050
 49    68.710 53930.10311204 47.62 292.135238   5.272239 14.050
 49    68.728 53930.10311269 46.82 292.134508   5.275549 14.050
 50    68.861 53965.10308858 39.75 292.140844   5.264067  9.777
 50    68.728 53965.10308922 40.68 292.140117   5.267376 14.825
 50    68.998 53965.10308986 47.36 292.139387   5.270676 14.825
 50    69.006 53965.10309051 49.00 292.138657   5.273986 14.825
 50    69.063 53965.10309115 48.52 292.137927   5.277286 14.825
 51    66.422 54000.10304700 48.24 292.146317   5.276733 17.000
 51    66.470 54000.10304764 42.84 292.145587   5.280033 17.000
 51    66.393 54000.10304829 46.50 292.144857   5.283343 17.000
 52    64.583 54035.10309054 41.57 292.147192   5.275335 11.942
 52    64.415 54035.10309118 38.87 292.146462   5.278645 11.942
 52    64.633 54035.10309183 36.36 292.145732   5.281955 11.942
 52    64.620 54035.10309247 34.79 292.145002   5.285255 11.942
 53    64.624 54070.10308431 37.46 292.146485   5.275461 10.605
 53    64.331 54070.10308496 37.53 292.145755   5.278761 10.605
 53    64.341 54070.10308560 35.03 292.145025   5.282071 10.605
 54    61.564 54105.10303861 32.04 292.144912   5.274279  6.780
 54    61.639 54105.10303925 30.83 292.144182   5.277589  6.780
 54    61.725 54105.10303990 27.99 292.143452   5.280889  6.780
 55    59.649 54140.10301653 25.82 292.144056   5.275085  7.262
 55    59.607 54140.10301717 30.92 292.143326   5.278395  7.262
 56    58.065 54175.10301840 30.40 292.144919   5.273273 10.785
 56    58.407 54175.10301905 26.77 292.144189   5.276583 10.785
 56    58.722 54175.10301969 26.21 292.143449   5.279883 10.785
 57    61.868 54210.10302246 34.77 292.143425   5.273885 13.884
 57    61.831 54210.10302310 35.94 292.142695   5.277195 13.884
 57    61.809 54210.10302375 39.02 292.141965   5.280495 13.884
 58    65.510 54245.10305371 42.02 292.144590   5.274840 15.001
 58    65.443 54245.10305435 41.54 292.143850   5.278150 15.001
 59    68.383 54280.10306478 40.58 292.145311   5.272655 23.682
 59    68.409 54280.10306542 32.75 292.144581   5.275955 23.682
 59    68.224 54280.10306606 30.21 292.143841   5.279265 23.682
 60    68.977 54315.10306420 46.30 292.146670   5.275179 28.886
 60    68.882 54315.10306485 39.49 292.145940   5.278479 28.886
 60    68.847 54315.10306549 37.70 292.145200   5.281789 28.886
 61    67.647 54350.10303288 44.28 292.145719   5.274771 23.941
 61    67.521 54350.10303352 44.04 292.144989   5.278081 23.941
 61    67.737 54350.10303417 40.30 292.144259   5.281381 23.941
 62    66.851 54385.10300226 46.49 292.146251   5.272831 15.179
 62    66.459 54385.10300290 47.15 292.145521   5.276141 15.179
 62    66.565 54385.10300355 42.07 292.144791   5.279441 15.179
 63    63.861 54420.10298212 42.49 292.145124   5.273566 11.235
 63    63.824 54420.10298277 39.51 292.144394   5.276876 11.235
 63    63.909 54420.10298341 36.92 292.143664   5.280176 11.235
 64    61.086 54455.10297427 36.61 292.145280   5.274406 11.547
 64    61.260 54455.10297492 36.88 292.144550   5.277706 11.547
 64    61.122 54455.10297556 36.04 292.143820   5.281016 11.547
 65    59.715 54490.10298270 31.67 292.146149   5.275384 10.050
 65    59.406 54490.10298335 31.71 292.145409   5.278684 10.050
 65    59.070 54490.10298399 30.69 292.144679   5.281994 10.050
 66    59.288 54525.10298732 29.72 292.146305   5.275809 13.180
 66    59.574 54525.10298796 30.02 292.145565   5.279119 13.180
 66    58.933 54525.10298860 31.07 292.144835   5.282419 13.180
 67    59.278 54560.10299128 28.64 292.145422   5.272890 13.685
 67    59.391 54560.10299192 29.45 292.144682   5.276200 13.685
 67    59.429 54560.10299257 31.81 292.143962   5.279500 13.685
 68    61.726 54595.10298363 37.08 292.144488   5.274387 15.602
 68    61.867 54595.10298428 37.08 292.143758   5.277697 15.602
 69    66.181 54630.10299776 49.39 292.143925   5.275400 17.494
 69    66.105 54630.10299841 43.86 292.143195   5.278710 17.494
 70    69.100 54665.10300390 48.55 292.143258   5.273452 19.197
 70    69.059 54665.10300455 44.94 292.142528   5.276752 19.197
 70    69.064 54665.10300519 41.78 292.141798   5.280062 19.197
 71    68.530 54700.10297461 32.37 292.147067   5.274138 23.513
 71    68.545 54700.10297525 30.87 292.146337   5.277448 23.513
 71    68.530 54700.10297590 30.78 292.145607   5.280748 23.513
 71    68.508 54700.10297654 32.07 292.144867   5.284058 23.513
 72    65.938 54735.10296316 43.04 292.144395   5.274630 15.378
 72    65.809 54735.10296381 33.53 292.143655   5.277940 15.378
 73    64.666 54770.10295436 47.31 292.146438   5.274085 16.168
 73    64.534 54770.10295501 45.37 292.145698   5.277395 16.168
 73    64.585 54770.10295565 43.65 292.144968   5.280695 16.168
 74    64.845 54805.10295601 31.03 292.143883   5.272521 14.951
 74    65.104 54805.10295666 33.54 292.143153   5.275821 14.951
 74    65.113 54805.10295730 37.25 292.142413   5.279131 14.951
 75    60.949 54840.10294945 35.73 292.145836   5.273381 14.264
 75    60.925 54840.10295010 35.79 292.145106   5.276691 14.264
 75    61.053 54840.10295074 34.93 292.144366   5.279991 14.264
 76    60.460 54875.10295697 26.96 292.144167   5.273323  9.779
 76    60.502 54875.10295761 24.02 292.143437   5.276633  9.779
 76    60.944 54875.10295826 22.01 292.142707   5.279933  9.779
 77    60.049 54910.10295503 32.08 292.144012   5.274080 15.295
 77    60.187 54910.10295568 33.81 292.143282   5.277390 15.295
 77    60.114 54910.10295632 31.58 292.142562   5.280690 15.295
 78    61.474 54945.10294995 38.25 292.143202   5.273464 16.962
 78    61.301 54945.10295060 38.62 292.142472   5.276774 16.962
 78    61.361 54945.10295124 40.42 292.141732   5.280074 16.962
 79    62.835 54980.10297679 40.92 292.143822   5.273644 15.921
 79    62.777 54980.10297744 41.84 292.143082   5.276954 15.921
 79    62.672 54980.10297808 40.37 292.142352   5.280254 15.921
 80    66.688 55015.10297911 45.92 292.145205   5.272391 17.685
 80    66.476 55015.10297975 51.65 292.144475   5.275701 17.685
 80    66.568 55015.10298040 43.01 292.143745   5.279001 17.685
 81    68.387 55050.10297354 49.67 292.145856   5.274235 25.306
 81    68.188 55050.10297419 46.50 292.145126   5.277535 25.306
 81    68.290 55050.10297483 40.76 292.144396   5.280845 25.306
 82    66.899 55085.10294055 50.28 292.145506   5.273472 16.685
 82    66.679 55085.10294119 50.31 292.144776   5.276772 16.685
 82    66.860 55085.10294184 43.29 292.144046   5.280082 16.685
 83    64.415 55120.10290581 42.61 292.146528   5.272869 17.775
 83    64.291 55120.10290645 44.08 292.145798   5.276169 17.775
 83    64.190 55120.10290710 43.17 292.145068   5.279479 17.775
 84    61.765 55155.10289970 41.60 292.144368   5.274315 16.121
 84    61.607 55155.10290034 41.25 292.143638   5.277625 16.121
 84    61.378 55155.10290099 39.64 292.142908   5.280925 16.121
 85    60.082 55190.10289582 32.87 292.143709   5.274957 13.802
 85    60.150 55190.10289646 30.67 292.142969   5.278267 13.802
 86    58.358 55225.10289989 27.95 292.144720   5.274087  9.333
 86    58.910 55225.10290053 23.42 292.143990   5.277397  9.333
 86    59.018 55225.10290117 27.59 292.143260   5.280697  9.333
 87    56.808 55260.10289071 38.50 292.146058   5.273137 14.766
 87    57.968 55260.10289135 33.58 292.145328   5.276437 14.766
 87    58.531 55260.10289200 31.76 292.144598   5.279747 14.766
 88    59.266 55295.10288599 30.93 292.145308   5.274529 13.998
 88    59.260 55295.10288664 30.88 292.144568   5.277839 13.998
 89    65.566 55330.10287316 39.32 292.143216   5.272466 14.691
 89    65.677 55330.10287380 39.92 292.142486   5.275766 14.691
 89    65.541 55330.10287445 40.09 292.141746   5.279076 14.691
 90    67.572 55365.10286641 44.36 292.146127   5.271930 21.610
 90    67.527 55365.10286706 47.46 292.145397   5.275240 21.610
 90    67.401 55365.10286770 44.06 292.144677   5.278540 21.610
 91    68.523 55400.10287797 33.62 292.144701   5.272888 19.296
 91    68.368 55400.10287862 38.83 292.143981   5.276188 19.296
 91    68.469 55400.10287926 36.01 292.143241   5.279498 19.296
 92    68.858 55435.10288383 38.19 292.146791   5.274787 23.635
 92    68.689 55435.10288448 37.27 292.146061   5.278087 23.635
 92    68.760 55435.10288512 35.60 292.145331   5.281397 23.635
 93    65.395 55470.10283760 31.50 292.146219   5.275446 16.276
 93    65.461 55470.10283825 32.73 292.145489   5.278756 16.276
 93    65.383 55470.10283889 42.22 292.144759   5.282056 16.276
