#    0.000   0.000   0.000 ;Mean Elev.(m), Avg Gradient(m/km), RMS Gradient(m/km) - SRTM1     
#    0.000   0.000   0.000 ;Mean Elev.(m), Avg Gradient(m/km), RMS Gradient(m/km) - ASTER GDEM
#   79.253   0.002  11.801 ;Mean Elev.(m), Avg Gradient(m/km), RMS Gradient(m/km) - GMTED2010 
  8    84.434 52499.60704626 42.23 292.161228   4.506329 22.265
  8    84.235 52499.60704690 39.69 292.160498   4.503019 22.265
  8    84.216 52499.60704755 44.83 292.159768   4.499719 22.265
  9    83.019 52534.60703362 30.44 292.159059   4.508131  6.648
  9    82.837 52534.60703426 30.24 292.158329   4.504821  6.648
  9    82.925 52534.60703490 32.22 292.157599   4.501521  6.648
 10    77.445 52569.60706353 24.96 292.161677   4.507499  4.455
 10    77.704 52569.60706417 24.79 292.160947   4.504189  4.455
 10    77.323 52569.60706482 25.19 292.160217   4.500889  4.455
 11    79.245 52604.60704495 25.00 292.159175   4.507324  6.988
 11    79.352 52604.60704559 24.14 292.158445   4.504014  6.988
 11    79.570 52604.60704624 23.49 292.157715   4.500704  6.988
 12    75.634 52639.60702704 33.17 292.159472   4.508316  4.587
 12    75.514 52639.60702769 31.45 292.158742   4.505006  4.587
 12    75.707 52639.60702833 31.90 292.158012   4.501706  4.587
 13    72.020 52674.60702256 25.22 292.160471   4.506165  9.426
 13    72.133 52674.60702321 33.82 292.159741   4.502865  9.426
 13    72.411 52674.60702385 38.27 292.159011   4.499555  9.426
 14    71.733 52709.60703855 45.50 292.160774   4.508721 12.682
 14    71.777 52709.60703920 51.65 292.160044   4.505411 12.682
 14    71.907 52709.60703984 43.55 292.159314   4.502111 12.682
 16    80.782 52779.60700306 19.07 292.160073   4.507636  9.169
 16    80.763 52779.60700371 21.61 292.159343   4.504326  9.169
 16    80.833 52779.60700435 26.56 292.158613   4.501016  9.169
 17    82.454 52814.60708666 41.91 292.158658   4.508577  9.669
 17    82.527 52814.60708730 37.27 292.157928   4.505277  9.669
 17    82.378 52814.60708795 39.03 292.157198   4.501967  9.669
 18    84.226 52849.60713966 36.39 292.160919   4.506411 11.778
 18    84.045 52849.60714030 34.97 292.160189   4.503101 11.778
 18    84.128 52849.60714095 39.73 292.159459   4.499801 11.778
 19    83.597 52884.60717474 33.32 292.157736   4.508443  7.331
 19    83.692 52884.60717539 33.44 292.157006   4.505143  7.331
 19    83.766 52884.60717603 37.41 292.156276   4.501833  7.331
 20    81.569 52919.60713135 32.37 292.161169   4.506599 10.430
 20    81.589 52919.60713199 32.15 292.160439   4.503299 10.430
 20    81.668 52919.60713263 30.74 292.159709   4.499989 10.430
 21    80.360 52954.60709522 16.47 292.165993   4.504170  7.487
 21    79.897 52954.60709587 16.82 292.165263   4.500870  7.487
 21    79.730 52954.60709651 18.72 292.164533   4.497560  7.487
 22    77.527 52989.60710539 24.99 292.168791   4.504005  3.768
 22    77.345 52989.60710604 25.23 292.168061   4.500695  3.768
 22    77.492 52989.60710668 25.26 292.167331   4.497385  3.768
 23    73.847 53024.60708563 20.84 292.167259   4.502761  4.129
 23    73.608 53024.60708627 20.01 292.166529   4.499461  4.129
 24    71.484 53059.60708432 29.69 292.168828   4.501955  7.175
 24    71.741 53059.60708496 42.31 292.168100   4.498650 11.766
 25    72.223 53094.60711983 16.31 292.154952   4.512956 11.989
 25    77.076 53094.60712048 15.93 292.154222   4.509646 11.989
 25    72.405 53094.60712112 28.78 292.153492   4.506346 11.989
 26    77.223 53129.60709252 30.68 292.166693   4.505151  4.653
 26    77.099 53129.60709317 27.22 292.165963   4.501841  4.653
 26    77.111 53129.60709381 27.07 292.165233   4.498531  4.653
 28    83.450 53199.60716305 28.47 292.160938   4.506585 15.952
 28    83.323 53199.60716369 28.23 292.160208   4.503285 15.952
 28    83.397 53199.60716434 31.36 292.159478   4.499975 15.952
 29    83.660 53234.60713320 27.78 292.168679   4.504156  5.008
 29    83.361 53234.60713384 27.47 292.167955   4.500849  8.949
 29    83.537 53234.60713449 27.10 292.167225   4.497539  8.949
 30    82.269 53269.60709814 23.29 292.160567   4.505430 13.811
 30    82.314 53269.60709878 26.80 292.159837   4.502120 13.811
 31    79.329 53304.60715845 25.75 292.155315   4.513963  6.180
 31    79.187 53304.60715909 23.25 292.154585   4.510653  6.180
 31    79.145 53304.60715974 23.42 292.153865   4.507353  6.180
 31    82.779 53304.60716038 22.99 292.153135   4.504043  6.180
 32    77.745 53339.60712812 17.99 292.160313   4.508129  2.877
 32    78.276 53339.60712877 18.73 292.159593   4.504829  2.877
 32    78.732 53339.60712941 18.59 292.158863   4.501519  2.877
 33    74.911 53374.60706022 30.64 292.162731   4.504474  6.115
 33    74.876 53374.60706087 28.81 292.162001   4.501174  6.115
 34    73.178 53409.60710309 27.28 292.163082   4.502662  6.191
 34    73.408 53409.60710374 33.17 292.162352   4.499362  6.191
 35    73.517 53444.60708547 43.08 292.160825   4.507282 12.953
 35    73.466 53444.60708611 42.86 292.160105   4.503982 12.953
 35    73.586 53444.60708676 43.76 292.159375   4.500672 12.953
 36    78.090 53479.60716350 39.74 292.156446   4.513040  9.571
 36    78.041 53479.60716415 35.71 292.155716   4.509730  9.571
 36    77.784 53479.60716479 30.22 292.154986   4.506430  9.571
 36    77.633 53479.60716543 28.98 292.154256   4.503120  9.571
 37    80.649 53514.60717186 21.40 292.160536   4.505328  9.949
 37    80.607 53514.60717250 25.11 292.159816   4.502018  9.949
 38    82.062 53549.60719029 28.98 292.156278   4.510835  7.371
 38    81.866 53549.60719093 28.64 292.155548   4.507525  7.371
 38    81.913 53549.60719158 29.41 292.154818   4.504225  7.371
 39    82.396 53584.60715353 25.82 292.161968   4.505074 11.304
 39    82.547 53584.60715418 26.87 292.161248   4.501774 11.304
 39    82.645 53584.60715482 30.28 292.160518   4.498464 11.304
 40    82.400 53619.60710907 25.81 292.158423   4.511253  9.324
 40    82.307 53619.60710971 23.54 292.157693   4.507943  9.324
 40    82.297 53619.60711036 27.38 292.156963   4.504633  9.324
 40    82.525 53619.60711100 31.73 292.156243   4.501333  9.324
 41    77.499 53654.60713624 33.32 292.160493   4.507999  8.976
 41    77.374 53654.60713688 31.92 292.159763   4.504699  8.976
 41    77.286 53654.60713753 27.57 292.159033   4.501389  8.976
 42    78.860 53689.60713075 34.16 292.158869   4.510535  6.018
 42    78.986 53689.60713139 28.26 292.158139   4.507225  6.018
 42    78.791 53689.60713204 27.51 292.157409   4.503925  6.018
 42    78.956 53689.60713268 26.96 292.156689   4.500615  6.018
 43    76.610 53724.60705591 27.62 292.162721   4.505728  4.619
 43    76.548 53724.60705656 25.71 292.162001   4.502428  4.619
 43    76.497 53724.60705720 25.44 292.161271   4.499118  4.619
 44    75.253 53759.60699899 23.26 292.168122   4.503429  3.969
 44    75.424 53759.60699963 23.66 292.167392   4.500119  3.969
 44    75.423 53759.60700028 22.73 292.166662   4.496809  3.969
 45    73.997 53794.60701745 23.41 292.164329   4.505673  4.528
 45    73.845 53794.60701809 23.75 292.163599   4.502363  4.528
 45    73.754 53794.60701874 22.51 292.162869   4.499063  4.528
 46    77.526 53829.60699361 13.21 292.164817   4.504876  4.427
 46    78.148 53829.60699426 13.37 292.164087   4.501566  4.427
 46    78.774 53829.60699490 13.71 292.163357   4.498266  4.427
 47    78.644 53864.60707247 18.68 292.158591   4.507364  4.092
 47    78.805 53864.60707312 22.14 292.157861   4.504054  4.092
 47    82.526 53864.60707376 23.88 292.157131   4.500754  4.092
 48    81.535 53899.60709830 28.67 292.160534   4.505310  8.053
 48    81.494 53899.60709894 29.09 292.159804   4.502010  8.053
 49    82.997 53934.60713961 28.36 292.153457   4.517969  6.093
 49    83.136 53934.60714026 27.56 292.152727   4.514659  6.093
 49    83.117 53934.60714090 26.99 292.151997   4.511359  6.093
 49    83.241 53934.60714155 28.24 292.151267   4.508049  6.093
 50    83.637 53969.60711077 32.16 292.156937   4.512654  8.917
 50    83.466 53969.60711141 28.99 292.156207   4.509344  8.917
 50    83.341 53969.60711206 29.07 292.155477   4.506044  8.917
 50    83.494 53969.60711270 32.92 292.154747   4.502734  8.917
 51    81.067 54004.60708651 27.98 292.163315   4.502521  6.773
 51    81.024 54004.60708715 29.17 292.162585   4.499211  6.773
 52    79.472 54039.60711878 24.06 292.163906   4.503919  3.294
 52    79.268 54039.60711942 23.50 292.163176   4.500609  3.294
 53    79.057 54074.60711265 27.01 292.162002   4.507518  4.032
 53    78.866 54074.60711330 22.03 292.161272   4.504208  4.032
 53    78.623 54074.60711394 21.59 292.160542   4.500908  4.032
 54    75.511 54109.60705729 26.90 292.159485   4.506910  4.734
 54    75.419 54109.60705793 26.21 292.158755   4.503610  4.734
 54    78.212 54109.60705858 24.57 292.158025   4.500300  4.734
 55    72.476 54144.60705104 26.20 292.160747   4.505093 12.749
 55    72.533 54144.60705168 34.18 292.160017   4.501793 12.749
 56    71.878 54179.60704216 22.47 292.160267   4.508865  7.283
 56    72.504 54179.60704281 25.81 292.159537   4.505555  7.283
 56    71.913 54179.60704345 26.40 292.158807   4.502245  7.283
 57    77.144 54214.60705784 26.29 292.160612   4.508428  3.176
 57    77.053 54214.60705848 25.04 292.159882   4.505118  3.176
 57    78.092 54214.60705913 25.06 292.159152   4.501818  3.176
 58    80.630 54249.60708580 23.64 292.160364   4.506081  6.006
 58    80.696 54249.60708645 25.88 292.159634   4.502771  6.006
 58    80.783 54249.60708709 27.58 292.158904   4.499471  6.006
 59    83.591 54284.60709373 45.61 292.161918   4.506237 15.280
 59    83.638 54284.60709438 45.71 292.161188   4.502937 15.280
 59    83.688 54284.60709502 45.26 292.160458   4.499627 15.280
 60    83.529 54319.60709089 36.59 292.162599   4.506723 13.495
 60    83.273 54319.60709153 28.68 292.161873   4.503417 19.124
 60    83.395 54319.60709217 31.38 292.161143   4.500107 19.124
 61    82.244 54354.60705409 24.91 292.161412   4.505079  6.434
 61    82.279 54354.60705473 26.87 292.160682   4.501779  6.434
 62    81.117 54389.60703128 24.13 292.162239   4.507244  7.359
 62    80.939 54389.60703192 24.74 292.161509   4.503934  7.359
 62    80.999 54389.60703257 26.88 292.160779   4.500624  7.359
 63    78.446 54424.60700413 20.41 292.160972   4.506152  3.230
 63    78.477 54424.60700477 20.35 292.160242   4.502842  3.230
 63    78.724 54424.60700542 20.23 292.159512   4.499542  3.230
 64    76.266 54459.60700749 26.71 292.161808   4.503758  4.931
 64    76.282 54459.60700813 25.27 292.161078   4.500458  4.931
 65    77.151 54494.60700906 15.50 292.161933   4.506562  3.714
 65    77.895 54494.60700970 15.12 292.161203   4.503252  3.714
 65    78.404 54494.60701035 14.51 292.160473   4.499942  3.714
 66    73.243 54529.60702037 36.56 292.162657   4.503206 12.507
 66    73.167 54529.60702101 43.88 292.161927   4.499906 12.507
 67    72.739 54564.60701500 29.42 292.161138   4.508431 10.084
 67    73.221 54564.60701564 30.95 292.160418   4.505133 10.411
 67    72.805 54564.60701628 36.87 292.159688   4.501823 10.411
 68    77.343 54599.60701510 24.88 292.161035   4.506121  3.002
 68    77.201 54599.60701574 24.93 292.160305   4.502821  3.002
 68    78.532 54599.60701639 24.19 292.159575   4.499511  3.002
 69    81.433 54634.60702789 27.24 292.159781   4.506760  6.237
 69    81.315 54634.60702854 28.41 292.159051   4.503460  6.237
 69    81.426 54634.60702918 30.94 292.158321   4.500150  6.237
 70    83.872 54669.60703211 30.63 292.160137   4.507289 11.990
 70    83.591 54669.60703276 33.73 292.159407   4.503979 11.990
 70    83.871 54669.60703340 30.76 292.158677   4.500679 11.990
 71    83.280 54704.60699579 25.37 292.161971   4.504662  8.640
 71    83.311 54704.60699644 26.98 292.161249   4.501365 13.999
 72    80.148 54739.60699532 20.92 292.161623   4.506374  6.052
 72    80.175 54739.60699597 22.38 292.160893   4.503064  6.052
 72    80.205 54739.60699661 24.25 292.160163   4.499764  6.052
 73    78.998 54774.60697763 17.97 292.161659   4.504259  3.843
 73    79.070 54774.60697827 18.28 292.160929   4.500949  3.843
 74    78.913 54809.60698866 17.06 292.160976   4.505453  4.626
 74    79.020 54809.60698931 18.87 292.160246   4.502143  4.626
 74    78.994 54809.60698995 21.82 292.159516   4.498843  4.626
 75    76.001 54844.60697565 20.57 292.160820   4.505303  3.311
 75    78.422 54844.60697630 19.01 292.160090   4.501993  3.311
 76    74.917 54879.60699223 37.37 292.159884   4.506907  6.914
 76    74.687 54879.60699288 33.24 292.159154   4.503597  6.914
 76    74.879 54879.60699352 32.09 292.158424   4.500297  6.914
 77    74.222 54914.60697858 23.01 292.159577   4.509689  6.552
 77    74.371 54914.60697922 23.92 292.158856   4.506391  4.907
 77    74.505 54914.60697987 23.09 292.158126   4.503081  4.907
 77    78.751 54914.60698051 22.55 292.157396   4.499771  4.907
 79    77.414 54984.60700887 19.46 292.159767   4.509121  2.895
 79    77.833 54984.60700951 19.70 292.159037   4.505821  2.895
 79    78.535 54984.60701016 19.83 292.158307   4.502511  2.895
 80    81.738 55019.60700516 22.63 292.161824   4.505351 13.985
 80    81.737 55019.60700580 26.52 292.161094   4.502041 13.985
 80    81.852 55019.60700645 29.52 292.160364   4.498741 13.985
 81    82.685 55054.60700123 24.43 292.161734   4.504534 12.191
 81    82.771 55054.60700187 26.86 292.161004   4.501224 12.191
 82    80.811 55089.60696141 21.67 292.160065   4.506428  3.880
 82    80.994 55089.60696205 23.83 292.159344   4.503132 10.034
 82    81.150 55089.60696270 29.49 292.158614   4.499822 10.034
 83    78.436 55124.60693934 24.80 292.161740   4.504561  3.471
 83    78.496 55124.60693998 24.10 292.161010   4.501261  3.471
 84    75.305 55159.60692224 36.39 292.160255   4.507485  6.531
 84    75.342 55159.60692289 26.76 292.159532   4.504187  3.327
 84    75.000 55159.60692353 26.68 292.158802   4.500877  3.327
 85    78.010 55194.60692898 16.64 292.161107   4.505786  3.952
 85    78.533 55194.60692962 15.74 292.160377   4.502476  3.952
 85    79.002 55194.60693026 18.29 292.159647   4.499176  3.952
 86    71.822 55229.60692507 21.42 292.159801   4.506991  5.283
 86    71.851 55229.60692571 26.08 292.159071   4.503681  5.283
 86    71.876 55229.60692636 23.22 292.158341   4.500381  5.283
 87    71.784 55264.60692395 46.46 292.161960   4.507068 11.183
 87    72.079 55264.60692460 48.66 292.161230   4.503758 11.183
 87    71.999 55264.60692524 35.75 292.160500   4.500458 11.183
 88    75.038 55299.60690680 27.81 292.161654   4.507025  5.257
 88    74.961 55299.60690744 25.70 292.160924   4.503715  5.257
 88    74.796 55299.60690809 25.63 292.160202   4.500416  3.171
 89    81.089 55334.60690124 25.21 292.160076   4.506229  8.163
 89    80.999 55334.60690189 26.03 292.159346   4.502919  8.163
 89    81.158 55334.60690253 29.74 292.158616   4.499619  8.163
 90    82.481 55369.60689242 35.56 292.161649   4.506113  8.203
 90    82.368 55369.60689307 31.31 292.160919   4.502803  8.203
 90    82.353 55369.60689371 34.35 292.160189   4.499503  8.203
 91    82.827 55404.60690949 26.27 292.162024   4.504834 12.071
 91    82.916 55404.60691013 28.64 292.161294   4.501534 12.071
 92    83.316 55439.60691092 25.22 292.161793   4.504037 11.118
 92    83.093 55439.60691156 29.24 292.161063   4.500727 11.118
 93    79.354 55474.60685657 21.16 292.161773   4.506978  3.675
 93    79.480 55474.60685722 21.64 292.161043   4.503678  3.675
 93    79.462 55474.60685786 22.28 292.160313   4.500372  4.055
