#    0.000   0.000   0.000 ;Mean Elev.(m), Avg Gradient(m/km), RMS Gradient(m/km) - SRTM1     
#    0.000   0.000   0.000 ;Mean Elev.(m), Avg Gradient(m/km), RMS Gradient(m/km) - ASTER GDEM
#    8.731   0.002   2.670 ;Mean Elev.(m), Avg Gradient(m/km), RMS Gradient(m/km) - GMTED2010 
  7 298.079260   8.530174     5.975     5.981  6 52471.59230887 33.385
  8 298.081666   8.530831     0.334     0.383  6 52506.59228659 37.961
  9 298.089511   8.530662     6.133     6.170  6 52541.59226879 31.248
 10 298.079025   8.531557     3.360     3.254  5 52576.59231773 17.711
 11 298.081207   8.532613     3.280     3.251  6 52611.59228026 18.051
 12 298.083896   8.531522     1.956     1.850  6 52646.59226653 19.318
 13 298.090760   8.531306     0.983     1.009  6 52681.59223743 25.147
 15 298.070946   8.531147     1.031     0.980  5 52751.59232033 17.178
 16 298.082295   8.530102     3.015     3.152  6 52786.59226416 30.691
 17 298.083249   8.531633     4.455     4.556  6 52821.59233732 28.676
 18 298.086268   8.532216     6.061     6.064  6 52856.59238453 28.361
 19 298.079456   8.531658     6.579     6.642  6 52891.59241727 26.105
 20 298.080216   8.531949     5.433     5.479  6 52926.59236965 24.572
 21 298.091548   8.532122     4.357     4.266  5 52961.59233757 24.172
 22 298.081112   8.531889     2.903     2.819  6 52996.59237863 22.520
 23 298.081119   8.532173     1.544     1.542  6 53031.59233905 49.946
 24 298.086410   8.530617     1.761     1.928  6 53066.59234806 20.129
 25 298.078260   8.531383     1.780     1.670  6 53101.59234552 17.043
 26 298.088415   8.531644     2.147     2.091  5 53136.59234932 18.178
 27 298.080663   8.530204     4.438     4.455  6 53171.59240043 31.784
 28 298.081275   8.531875     6.023     6.094  6 53206.59241387 27.727
 29 298.086375   8.531910     6.503     6.522  6 53241.59238132 29.454
 30 298.085061   8.532318     6.062     6.094  6 53276.59235225 27.038
 31 298.080544   8.533042     4.497     4.570  6 53311.59239196 24.253
 32 298.084177   8.532418     3.078     2.996  6 53346.59235791 20.859
 33 298.085896   8.530607     2.605     2.568  6 53381.59231746 23.777
 34 298.089808   8.532265     1.568     1.305  6 53416.59233599 21.402
 35 298.086095   8.531478     1.313     1.287  5 53451.59233425 15.297
 36 298.075782   8.532356     2.087     2.131  6 53486.59241935 18.088
 37 298.085409   8.531243     3.189     3.331  6 53521.59241177 22.997
 38 298.076025   8.532684     5.189     5.249  6 53556.59243656 37.562
 39 298.090009   8.530851     5.443     5.463  6 53591.59237471 33.958
 40 298.077699   8.531459     5.486     5.507  6 53626.59236284 25.229
 41 298.081093   8.532485     3.836     3.867  6 53661.59238842 22.657
 42 298.082635   8.531500     3.089     3.208  6 53696.59235689 23.736
 43 298.085979   8.530514     2.468     2.501  6 53731.59227965 49.181
 44 298.089978   8.532076     2.960     2.949  6 53766.59225179 21.432
 45 298.086672   8.531265     2.095     2.152  6 53801.59225362 21.697
 46 298.084617   8.532516     2.117     2.067  6 53836.59226149 16.333
 47 298.082951   8.530362     2.642     2.601  6 53871.59231710 19.027
 48 298.079832   8.531227     3.844     3.935  6 53906.59235586 24.967
 49 298.073151   8.530304     7.150     7.153  6 53941.59238483 40.396
 50 298.079973   8.530894     6.939     6.918  6 53976.59233980 31.528
 51 298.085981   8.532020     5.318     5.403  6 54011.59234205 26.290
 52 298.089893   8.531811     3.937     3.940  6 54046.59235584 24.826
 53 298.082777   8.532063     3.113     3.195  6 54081.59234882 22.551
 54 298.082793   8.532771     2.427     2.361  6 54116.59228100 19.817
 55 298.082059   8.531044     2.258     2.143  6 54151.59229977 24.956
 56 298.082997   8.532923     1.831     1.937  6 54186.59227378 17.011
 57 298.082536   8.531602     2.064     2.092  6 54221.59230870 18.200
 58 298.083512   8.532782     3.973     3.295  6 54256.59233138 20.393
 59 298.084807   8.530448     5.371     5.379  6 54291.59233420 42.046
 60 298.085030   8.530621     6.336     6.326  6 54326.59233103 28.886
 61 298.083531   8.533115     6.434     6.496  6 54361.59228149 28.201
 62 298.085072   8.531438     5.190     5.149  6 54396.59227101 27.139
 63 298.084344   8.530685     3.529     3.469  6 54431.59223212 25.889
 64 298.085952   8.532011     2.828     2.987  6 54466.59225181 21.950
 65 298.084240   8.531893     2.488     2.490  6 54501.59224576 19.547
 66 298.084713   8.530430    -0.261    -0.867  6 54536.59226721 28.460
 67 298.083763   8.530423     2.184     2.218  6 54571.59224760 21.559
 68 298.083590   8.532346     2.289     2.331  6 54606.59226047 18.677
 69 298.082804   8.531594     2.912     2.863  5 54641.59227006 22.286
 70 298.082042   8.530361     6.301     6.289  6 54676.59227206 38.805
 71 298.084749   8.530408     6.342     6.244  6 54711.59222698 31.941
 72 298.083105   8.531488     5.063     5.091  6 54746.59224046 26.612
 73 298.084927   8.532959     3.469     3.608  6 54781.59221243 24.642
 74 298.084431   8.533065     3.317     3.406  6 54816.59223261 24.643
 75 298.084096   8.532017     2.786     2.824  6 54851.59221040 21.196
 76 298.082212   8.531502     2.485     2.448  6 54886.59223768 20.938
 77 298.080427   8.529991     2.190     2.022  6 54921.59221141 24.097
 78 298.082586   8.530226     2.227     2.178  6 54956.59223302 23.146
 79 298.081083   8.532688     2.224     2.195  6 54991.59225625 17.602
 80 298.083959   8.531023     3.733     3.893  6 55026.59224722 26.530
 81 298.084022   8.531809     5.418     5.432  6 55061.59223996 27.580
 82 298.082322   8.533000     4.954     5.042  6 55096.59218952 25.391
 83 298.082946   8.530017     3.131     3.050  6 55131.59218382 28.888
 84 298.084530   8.530621     2.515     2.513  6 55166.59215190 22.461
 85 298.083209   8.532303     1.308     0.924  6 55201.59217528 31.282
 86 298.082253   8.530802     2.016     1.888  6 55236.59215899 24.609
 87 298.083314   8.531488     1.835     1.747  6 55271.59216957 15.972
 88 298.084340   8.533068     1.458     1.389  6 55306.59213940 14.753
 89 298.084490   8.532591     2.863     2.811  6 55341.59213969 18.905
 90 298.083719   8.530833     5.126     5.174  6 55376.59213336 34.744
 91 298.084994   8.532076     6.760     6.774  6 55411.59215580 34.618
 92 298.084185   8.530827     7.050     7.026  6 55446.59214833 42.610
 93 298.083510   8.530207     5.107     4.992  6 55481.59208071 30.086
