#    0.000   0.000   0.000 ;Mean Elev.(m), Avg Gradient(m/km), RMS Gradient(m/km) - SRTM1     
#    0.000   0.000   0.000 ;Mean Elev.(m), Avg Gradient(m/km), RMS Gradient(m/km) - ASTER GDEM
#   17.992  -2.039   3.818 ;Mean Elev.(m), Avg Gradient(m/km), RMS Gradient(m/km) - GMTED2010 
  8 294.353671   7.903091    30.682    30.674  9 52496.60238531 29.514
  9 294.348017   7.897055    28.899    28.653 12 52531.60237299 26.864
 10 294.356488   7.904012    27.241    27.486  7 52566.60239355 21.416
 11 294.343433   7.895346    25.526    25.510 12 52601.60240645 20.278
 12 294.347057   7.896434    21.749    21.648 12 52636.60237112 22.154
 13 294.347479   7.896773    20.410    20.575 12 52671.60237591 20.012
 14 294.352356   7.902551    20.664    21.848  9 52706.60237311 23.883
 15 294.345252   7.896559    18.944    18.763 12 52741.60240710 23.343
 16 294.352654   7.900509    23.435    23.336  9 52776.60234901 16.011
 17 294.346424   7.894693    26.930    26.614 12 52811.60242815 19.955
 18 294.349984   7.901148    28.853    28.935 10 52846.60248188 26.658
 19 294.346303   7.895679    31.087    31.092 12 52881.60251993 45.209
 20 294.352546   7.903066    28.951    28.967  8 52916.60247558 26.060
 21 294.356830   7.904775    27.793    27.730  7 52951.60243615 22.495
 22 294.358384   7.905376    26.927    27.442  7 52986.60245366 24.782
 23 294.354235   7.903811    22.834    21.948  8 53021.60244316 20.181
 24 294.357520   7.904854    20.335    23.170  7 53056.60243342 23.848
 25 294.339448   7.891813    18.833    18.673  9 53091.60247403 19.737
 26 294.354159   7.903675    23.573    23.998  8 53126.60244162 16.756
 27 294.343065   7.895753    26.844    26.703 12 53161.60250624 21.249
 28 294.351926   7.900691    29.170    29.287  9 53196.60250366 23.992
 29 294.356916   7.903576    30.734    30.577  7 53231.60248456 28.479
 30 294.346719   7.896183    29.348    29.218 12 53266.60245573 25.995
 31 294.339494   7.891441    27.939    27.923  9 53301.60250875 22.345
 32 294.348888   7.898386    26.209    25.280 11 53336.60247766 20.566
 33 294.351191   7.900382    23.661    22.892  9 53371.60241369 19.557
 34 294.353023   7.903768    21.316    20.451  8 53406.60244917 21.886
 35 294.348789   7.897442    19.465    19.350 11 53441.60243645 24.300
 36 294.344469   7.897197    20.304    20.074 12 53476.60250478 22.719
 37 294.349396   7.898733    25.054    25.414 11 53511.60251739 21.434
 38 294.344361   7.897421    27.514    27.064 12 53546.60253538 26.000
 39 294.348830   7.897817    28.717    28.740 11 53581.60250739 37.437
 40 294.344955   7.894927    28.722    28.534 12 53616.60246302 26.797
 41 294.351010   7.899868    26.860    26.576  9 53651.60247752 24.547
 42 294.344409   7.895388    26.126    25.191 12 53686.60248410 24.168
 43 294.352675   7.903263    25.899    25.906  8 53721.60240808 17.778
 44 294.359295   7.905249    22.995    24.475  7 53756.60233776 23.022
 45 294.354582   7.903036    20.879    20.135  8 53791.60236446 24.658
 46 294.357034   7.905198    21.429    23.196  7 53826.60232618 21.476
 47 294.345817   7.894655    21.960    21.925 12 53861.60241784 40.597
 48 294.351685   7.900958    25.495    26.342  9 53896.60243679 22.673
 49 294.337427   7.888390    29.637    29.639  8 53931.60248981 44.091
 50 294.342235   7.895215    31.521    31.545 11 53966.60246434 47.733
 51 294.354695   7.903264    28.735    28.784  8 54001.60242439 24.620
 52 294.352954   7.900075    26.728    26.366  9 54036.60246542 19.949
 53 294.351340   7.900332    25.873    25.533  9 54071.60245982 19.303
 54 294.347409   7.897193    22.016    21.823 12 54106.60241137 26.900
 55 294.349778   7.898661    20.274    21.025 10 54141.60239360 22.181
 56 294.347923   7.896899    19.201    19.572 11 54176.60239324 24.631
 57 294.348288   7.896487    21.326    21.409 11 54211.60240081 28.861
 58 294.350157   7.901088    24.598    24.547 10 54246.60242928 39.565
 60 294.352240   7.902852    30.053    30.192  9 54316.60243806 28.557
 61 294.349633   7.898434    29.296    29.155 10 54351.60240569 26.986
 62 294.351510   7.900756    28.414    28.426  9 54386.60237784 31.265
 63 294.348773   7.898740    26.131    25.900 11 54421.60235574 22.102
 64 294.352496   7.903380    23.857    23.643  8 54456.60235033 27.637
 65 294.351037   7.901920    20.567    20.402  9 54491.60235688 27.019
 66 294.352338   7.900233    19.531    18.756  9 54526.60236373 26.347
 67 294.349443   7.901004    18.338    18.417 10 54561.60236498 23.001
 69 294.348479   7.898036    24.639    24.891 11 54631.60237369 24.070
 70 294.347927   7.897810    28.248    28.132 11 54666.60237954 28.634
 71 294.351015   7.899787    29.689    29.722 10 54701.60234695 25.106
 72 294.350903   7.901217    28.790    28.753 10 54736.60233916 28.712
 73 294.351211   7.901991    26.582    26.071  9 54771.60232788 21.417
 74 294.349722   7.901043    26.015    25.423 10 54806.60233269 20.891
 75 294.351001   7.902574    21.426    21.655  9 54841.60232347 30.125
 76 294.348709   7.898644    21.280    21.355 11 54876.60233516 25.439
 77 294.346999   7.896746    20.244    20.489 12 54911.60232979 24.985
 78 294.348414   7.898406    20.650    20.486 11 54946.60232695 21.459
 79 294.347988   7.896976    22.458    22.532 12 54981.60235362 28.376
 80 294.350242   7.901014    26.351    26.331 10 55016.60235351 42.409
 81 294.351505   7.901931    28.517    28.587  9 55051.60234769 26.456
 82 294.348411   7.898036    28.401    28.482 11 55086.60231339 30.499
 83 294.352321   7.902411    25.857    25.727  9 55121.60228260 19.353
 84 294.348044   7.897823    22.849    23.017 11 55156.60227379 25.980
 85 294.349639   7.898271    20.854    21.137 10 55191.60227262 26.441
 86 294.348468   7.898715    19.774    19.369 11 55226.60227468 24.030
 87 294.350904   7.900446    19.092    19.280  9 55261.60226794 20.664
 88 294.349316   7.898126    18.864    19.133 10 55296.60225882 21.298
 89 294.347631   7.897354    24.346    24.333 12 55331.60224856 35.663
 90 294.349848   7.898266    27.678    27.780 10 55366.60224142 26.705
 91 294.350526   7.899437    29.659    29.626 10 55401.60225424 27.636
 92 294.351911   7.901033    30.936    30.922  9 55436.60225783 33.219
 93 294.350098   7.900938    28.281    28.330 10 55471.60220943 26.435
