#    0.000   0.000   0.000 ;Mean Elev.(m), Avg Gradient(m/km), RMS Gradient(m/km) - SRTM1     
#    0.000   0.000   0.000 ;Mean Elev.(m), Avg Gradient(m/km), RMS Gradient(m/km) - ASTER GDEM
#    8.393  -3.671   7.195 ;Mean Elev.(m), Avg Gradient(m/km), RMS Gradient(m/km) - GMTED2010 
  6 297.328663   8.380412    93.073    92.237  8 52420.59430437  6.364
  7 297.328050   8.379625    92.696    92.222  8 52455.59432816  7.275
  8 297.338918   8.387996    10.480    10.410  6 52490.59430068 25.809
 10 297.328731   8.372866     9.172     9.159  3 52560.59433199 19.428
 11 297.323748   8.378427    90.854    91.006  8 52595.59433993  6.444
 12 297.333030   8.376716     8.624     6.992  3 52630.59427497 16.063
 15 297.338311   8.394006     3.879     3.886  4 52735.59430465 17.322
 17 297.330551   8.380245    93.681    93.395  8 52805.59433125  6.035
 18 297.331486   8.374480     9.691     9.409  3 52840.59439298 22.979
 19 297.331274   8.380587    10.535    10.482  8 52875.59443090 26.490
 20 297.338941   8.388171     9.603     9.416  8 52910.59439747 25.542
 21 297.338128   8.379357     9.786     9.786  2 52945.59434467 18.311
 23 297.329269   8.380858    93.614    94.057  8 53015.59438709  6.029
 24 297.334241   8.383158    93.889    94.121  9 53050.59436211  5.823
 25 297.322385   8.377591    92.092    93.124  8 53085.59439973  5.661
 26 297.329534   8.379839    94.309    93.389  9 53120.59436886  5.806
 27 297.324888   8.377859    90.674    90.637  7 53155.59442300 10.488
 29 297.334329   8.382067    11.335    11.367  9 53225.59442076 26.246
 32 297.331660   8.378542     7.500     7.221  6 53330.59439881 17.903
 33 297.333499   8.378410     9.581    10.652  5 53365.59434743 13.339
 34 297.330031   8.375986    11.311    12.336  4 53400.59437358 12.884
 35 297.330827   8.371432    13.449    13.464  3 53435.59436430 15.748
 36 297.328942   8.379275    93.279    93.179  9 53470.59440984  6.285
 37 297.327157   8.378256    93.799    93.021  8 53505.59444738  6.158
 38 297.326841   8.371096    95.268    95.121  4 53540.59445091  7.392
 39 297.330207   8.390079     8.788     8.788  2 53575.59444022 27.998
 41 297.329936   8.369578     9.283     9.283  2 53645.59439860 30.434
 42 297.325188   8.378562    93.488    93.555  7 53680.59441405  6.103
 43 297.334752   8.383485    94.149    94.479  8 53715.59434067  8.603
 44 297.339010   8.385663     6.822     6.754  4 53750.59425715 13.101
 45 297.335228   8.380976    34.535     5.714  3 53785.59428848 12.680
 46 297.333441   8.380125     5.409     5.495  8 53820.59424659 14.915
 47 297.327330   8.379081    94.314    94.564  8 53855.59433237  5.828
 48 297.337696   8.380433     8.138     8.931  3 53890.59434236 18.138
 50 297.322246   8.372436    15.167    12.360  5 53960.59439623 24.442
 51 297.335842   8.381774    10.921    11.085  3 53995.59433114 24.470
 52 297.334996   8.383799     9.223     8.896  9 54030.59438660 20.632
 54 297.330382   8.379805    95.410    95.501  9 54100.59434484  6.313
 55 297.332403   8.382016    93.103    93.190  8 54135.59430666 11.533
 57 297.331177   8.380539    95.212    95.395  8 54205.59431162  6.367
 58 297.332621   8.382004    94.651    94.630  8 54240.59434461  6.555
 61 297.330182   8.372652    11.596    11.596  2 54345.59433871 25.378
 62 297.330350   8.371735    10.153    10.153  2 54380.59430053 26.065
 63 297.330933   8.379894    21.330    28.085  5 54415.59428627 17.971
 64 297.332368   8.381974    94.279    95.152  8 54450.59426658  7.082
 65 297.333825   8.382967     8.173     5.922  3 54485.59428123 14.404
 67 297.331135   8.381409     3.217     3.217  9 54555.59429224 22.487
 68 297.331772   8.381640     4.090     4.059  9 54590.59427565 18.008
 69 297.331464   8.381694    94.145    93.762  9 54625.59429254  6.171
 70 297.329479   8.379999     9.845     9.919  9 54660.59430089 22.281
 72 297.332516   8.381559    12.164    11.713  9 54730.59425594 21.748
 73 297.329903   8.373468    15.846     9.272  3 54765.59425920 18.596
 74 297.331220   8.380559    93.882    93.223  8 54800.59424986  8.285
 75 297.331506   8.381546    92.459    92.519  8 54835.59424874 12.260
 76 297.332482   8.381292    94.384    94.018  8 54870.59424770  7.092
 77 297.328886   8.380757    18.452     8.260  7 54905.59425766 14.093
 78 297.331674   8.380799    94.870    95.285  8 54940.59423890  6.738
 79 297.330719   8.380037    95.022    95.689  9 54975.59426879  6.598
 80 297.330385   8.380007    93.837    94.223  9 55010.59428010  7.422
 81 297.330713   8.374070     9.389     9.271  3 55045.59427175 24.006
 82 297.329784   8.373626    10.859    10.963  5 55080.59424650 23.204
 83 297.330881   8.373839     8.531     8.531  2 55115.59420455 15.129
 84 297.330379   8.380561     6.099     5.689  9 55150.59420224 20.672
 85 297.331768   8.381535    94.482    94.674  9 55185.59418747  7.223
 86 297.330180   8.379643    94.824    94.412  8 55220.59420076  6.788
 87 297.333328   8.382351    95.558    96.112  8 55255.59418362  6.764
 88 297.329927   8.379238    95.032    94.305  8 55290.59418916  6.746
 89 297.329479   8.379671    94.137    94.506  8 55325.59416940  6.606
 90 297.330511   8.380067     8.155     8.286  8 55360.59416695 19.884
 91 297.331866   8.381537    11.408    11.267  9 55395.59417190 24.566
 92 297.331214   8.372115    11.642    11.642  2 55430.59418337 26.832
 93 297.332737   8.381972    11.680    11.578  8 55465.59414320 24.195
