#    0.000   0.000   0.000 ;Mean Elev.(m), Avg Gradient(m/km), RMS Gradient(m/km) - SRTM1     
#    0.000   0.000   0.000 ;Mean Elev.(m), Avg Gradient(m/km), RMS Gradient(m/km) - ASTER GDEM
#   53.437  -1.613   9.505 ;Mean Elev.(m), Avg Gradient(m/km), RMS Gradient(m/km) - GMTED2010 
  8    66.785 52499.60685157 38.32 292.381654   5.504676 22.102
  8    66.683 52499.60685221 41.17 292.380924   5.501366 22.102
  8    66.801 52499.60685286 38.92 292.380194   5.498066 22.102
  8    66.819 52499.60685350 35.75 292.379454   5.494756 22.102
  8    66.678 52499.60685415 34.12 292.378724   5.491456 22.102
  8    66.670 52499.60685479 34.38 292.377994   5.488146 22.102
  8    66.753 52499.60685543 36.30 292.377264   5.484836 22.102
  8    66.890 52499.60685608 39.84 292.376534   5.481536 22.102
  8    66.973 52499.60685672 42.16 292.375804   5.478226 22.102
  8    67.056 52499.60685737 42.23 292.375074   5.474926 22.102
  8    67.169 52499.60685801 44.40 292.374344   5.471616 22.102
  8    67.286 52499.60685866 46.48 292.373614   5.468316 22.102
  8    67.381 52499.60685930 49.65 292.372882   5.465011 12.306
  8    67.470 52499.60685995 52.48 292.372152   5.461701 12.306
  9    65.709 52534.60683957 38.39 292.378949   5.503139 27.038
  9    65.590 52534.60684021 43.15 292.378219   5.499839 27.038
  9    65.735 52534.60684086 42.09 292.377489   5.496529 27.038
  9    65.707 52534.60684150 39.55 292.376749   5.493229 27.038
  9    65.597 52534.60684215 37.63 292.376019   5.489919 27.038
  9    65.581 52534.60684279 37.34 292.375289   5.486609 27.038
  9    65.523 52534.60684344 38.77 292.374559   5.483309 27.038
  9    65.751 52534.60684408 40.54 292.373829   5.479999 27.038
  9    65.910 52534.60684473 42.18 292.373099   5.476699 27.038
  9    66.119 52534.60684537 45.64 292.372369   5.473389 27.038
  9    66.140 52534.60684601 48.37 292.371639   5.470089 27.038
  9    66.227 52534.60684666 48.65 292.370899   5.466779 27.038
  9    66.285 52534.60684730 49.59 292.370169   5.463479 27.038
  9    66.375 52534.60684795 48.52 292.369439   5.460169 27.038
 10    61.177 52569.60686884 41.69 292.382192   5.505827 35.621
 10    61.522 52569.60686948 40.14 292.381462   5.502517 35.621
 10    61.476 52569.60687013 40.31 292.380732   5.499217 35.621
 10    61.590 52569.60687077 42.61 292.379992   5.495907 35.621
 10    61.631 52569.60687142 43.41 292.379262   5.492607 35.621
 10    61.654 52569.60687206 45.71 292.378532   5.489297 35.621
 10    61.559 52569.60687271 45.48 292.377802   5.485987 35.621
 10    61.562 52569.60687335 45.13 292.377072   5.482687 35.621
 10    61.640 52569.60687400 45.21 292.376342   5.479377 35.621
 10    61.709 52569.60687464 47.74 292.375612   5.476077 35.621
 10    61.716 52569.60687528 45.57 292.374882   5.472767 35.621
 10    61.801 52569.60687593 47.02 292.374152   5.469467 35.621
 10    61.877 52569.60687657 48.18 292.373414   5.466154 10.436
 10    61.947 52569.60687722 51.29 292.372684   5.462854 10.436
 11    62.867 52604.60685026 40.49 292.379602   5.505675 28.187
 11    63.043 52604.60685090 39.30 292.378862   5.502365 28.187
 11    62.952 52604.60685155 39.70 292.378132   5.499065 28.187
 11    63.058 52604.60685219 39.16 292.377402   5.495755 28.187
 11    63.120 52604.60685284 40.64 292.376672   5.492445 28.187
 11    63.156 52604.60685348 38.23 292.375942   5.489145 28.187
 11    63.226 52604.60685412 39.93 292.375212   5.485835 28.187
 11    63.076 52604.60685477 36.33 292.374482   5.482535 28.187
 11    63.069 52604.60685541 36.31 292.373752   5.479225 28.187
 11    63.208 52604.60685606 39.12 292.373022   5.475915 28.187
 11    63.180 52604.60685670 37.40 292.372290   5.472610  7.355
 11    63.171 52604.60685735 32.15 292.371560   5.469310  7.355
 11    63.458 52604.60685799 30.02 292.370830   5.466000  7.355
 11    63.291 52604.60685864 25.08 292.370100   5.462700  7.355
 11    63.434 52604.60685928 22.93 292.369370   5.459390  7.355
 12    59.073 52639.60683300 36.67 292.379310   5.503338 25.179
 12    59.135 52639.60683364 40.86 292.378570   5.500038 25.179
 12    59.235 52639.60683428 39.98 292.377840   5.496728 25.179
 12    59.264 52639.60683493 39.24 292.377110   5.493428 25.179
 12    59.324 52639.60683557 41.15 292.376380   5.490118 25.179
 12    59.165 52639.60683622 35.29 292.375650   5.486818 25.179
 12    59.059 52639.60683686 31.60 292.374920   5.483508 25.179
 12    59.257 52639.60683751 32.22 292.374190   5.480198 25.179
 12    59.387 52639.60683815 35.31 292.373460   5.476898 25.179
 12    59.433 52639.60683880 39.38 292.372730   5.473588 25.179
 12    59.363 52639.60683944 32.21 292.371990   5.470288 25.179
 12    59.254 52639.60684009 29.33 292.371260   5.466978 25.179
 12    59.452 52639.60684073 26.23 292.370530   5.463678 25.179
 12    59.106 52639.60684138 22.40 292.369800   5.460368 25.179
 13    55.413 52674.60682787 41.73 292.380904   5.504508 33.118
 13    55.503 52674.60682851 44.56 292.380174   5.501208 33.118
 13    55.342 52674.60682916 43.80 292.379444   5.497898 33.118
 13    55.492 52674.60682980 43.15 292.378714   5.494598 33.118
 13    55.664 52674.60683045 44.46 292.377984   5.491288 33.118
 13    55.765 52674.60683109 49.31 292.377254   5.487988 33.118
 13    55.619 52674.60683174 52.26 292.376521   5.484674 24.198
 13    55.665 52674.60683238 49.48 292.375791   5.481374 24.198
 13    55.756 52674.60683303 48.89 292.375061   5.478064 24.198
 13    55.828 52674.60683367 48.98 292.374331   5.474764 24.198
 13    55.731 52674.60683432 45.78 292.373601   5.471454 24.198
 13    55.825 52674.60683496 45.37 292.372871   5.468154 24.198
 13    55.985 52674.60683561 48.17 292.372141   5.464844 24.198
 13    56.070 52674.60683625 48.03 292.371411   5.461534 24.198
 14    54.843 52709.60684451 47.76 292.380581   5.503716 38.649
 14    54.939 52709.60684515 49.31 292.379851   5.500416 38.649
 14    54.989 52709.60684580 42.89 292.379121   5.497106 38.649
 14    55.115 52709.60684644 41.64 292.378391   5.493796 38.649
 14    55.186 52709.60684709 43.64 292.377661   5.490496 38.649
 14    55.119 52709.60684773 40.35 292.376931   5.487186 38.649
 14    55.099 52709.60684838 42.91 292.376201   5.483886 38.649
 14    55.195 52709.60684902 45.81 292.375461   5.480576 38.649
 14    55.269 52709.60684966 47.28 292.374731   5.477276 38.649
 14    55.347 52709.60685031 47.83 292.374001   5.473966 38.649
 14    55.347 52709.60685095 46.60 292.373271   5.470666 38.649
 14    55.432 52709.60685160 45.26 292.372541   5.467356 38.649
 14    55.474 52709.60685224 45.49 292.371811   5.464056 38.649
 14    55.555 52709.60685289 42.81 292.371081   5.460746 38.649
 16    63.556 52779.60680837 37.24 292.380670   5.505955 20.037
 16    63.668 52779.60680902 39.18 292.379930   5.502655 20.037
 16    63.762 52779.60680966 43.18 292.379206   5.499341 19.519
 16    63.622 52779.60681030 40.09 292.378466   5.496041 19.519
 16    63.696 52779.60681095 40.12 292.377736   5.492731 19.519
 16    63.841 52779.60681159 40.51 292.377006   5.489431 19.519
 16    63.921 52779.60681224 41.73 292.376276   5.486121 19.519
 16    63.903 52779.60681288 41.37 292.375546   5.482821 19.519
 16    63.797 52779.60681353 41.69 292.374816   5.479511 19.519
 16    63.925 52779.60681417 43.25 292.374086   5.476201 19.519
 16    63.874 52779.60681482 38.25 292.373356   5.472901 19.519
 16    63.908 52779.60681546 35.11 292.372626   5.469591 19.519
 16    63.946 52779.60681611 31.04 292.371886   5.466291 19.519
 16    63.814 52779.60681675 28.66 292.371156   5.462981 19.519
 16    64.336 52779.60681740 27.98 292.370426   5.459681 19.519
 17    65.261 52814.60689261 35.03 292.378507   5.503597 19.653
 17    65.297 52814.60689326 36.78 292.377777   5.500287 19.653
 17    65.195 52814.60689390 39.48 292.377047   5.496987 19.653
 17    65.303 52814.60689455 39.30 292.376317   5.493677 19.653
 17    65.271 52814.60689519 37.10 292.375587   5.490377 19.653
 17    65.184 52814.60689583 36.12 292.374857   5.487067 19.653
 17    65.283 52814.60689648 37.04 292.374127   5.483757 19.653
 17    65.399 52814.60689712 36.96 292.373397   5.480457 19.653
 17    65.420 52814.60689777 36.66 292.372657   5.477147 19.653
 17    65.427 52814.60689841 35.47 292.371927   5.473847 19.653
 17    65.554 52814.60689906 33.21 292.371197   5.470537 19.653
 17    65.556 52814.60689970 31.04 292.370467   5.467237 19.653
 17    65.768 52814.60690035 27.95 292.369737   5.463927 19.653
 17    65.789 52814.60690099 34.10 292.369007   5.460627 19.653
 18    66.858 52849.60694497 35.29 292.381470   5.504740 22.579
 18    66.898 52849.60694561 39.92 292.380748   5.501426 21.136
 18    66.810 52849.60694625 37.48 292.380008   5.498126 21.136
 18    66.775 52849.60694690 35.54 292.379278   5.494816 21.136
 18    66.771 52849.60694754 34.27 292.378548   5.491516 21.136
 18    66.718 52849.60694819 36.68 292.377818   5.488206 21.136
 18    66.906 52849.60694883 37.52 292.377088   5.484906 21.136
 18    67.054 52849.60694948 37.71 292.376358   5.481596 21.136
 18    67.182 52849.60695012 38.97 292.375628   5.478286 21.136
 18    67.199 52849.60695077 39.68 292.374898   5.474986 21.136
 18    67.157 52849.60695141 36.97 292.374168   5.471676 21.136
 18    67.362 52849.60695206 35.91 292.373438   5.468376 21.136
 18    67.393 52849.60695270 37.51 292.372698   5.465066 21.136
 18    67.454 52849.60695335 41.22 292.371968   5.461766 21.136
 19    66.408 52884.60698070 33.97 292.377486   5.503480 25.056
 19    66.392 52884.60698134 36.06 292.376749   5.500175 28.538
 19    66.358 52884.60698199 35.37 292.376019   5.496875 28.538
 19    66.465 52884.60698263 35.33 292.375289   5.493565 28.538
 19    66.483 52884.60698328 32.91 292.374559   5.490265 28.538
 19    66.143 52884.60698392 35.69 292.373829   5.486955 28.538
 19    66.216 52884.60698457 37.72 292.373099   5.483655 28.538
 19    66.503 52884.60698521 39.90 292.372369   5.480345 28.538
 19    66.807 52884.60698585 42.49 292.371639   5.477035 28.538
 19    66.995 52884.60698650 49.09 292.370909   5.473735 28.538
 19    67.087 52884.60698714 50.54 292.370179   5.470425 28.538
 19    67.007 52884.60698779 51.87 292.369449   5.467125 28.538
 19    67.046 52884.60698843 50.82 292.368709   5.463815 28.538
 19    67.135 52884.60698908 51.36 292.367979   5.460515 28.538
 20    64.570 52919.60693665 37.54 292.381585   5.504952 19.579
 20    64.576 52919.60693730 40.86 292.380855   5.501652 19.579
 20    64.597 52919.60693794 41.45 292.380123   5.498338 25.088
 20    64.700 52919.60693859 40.46 292.379393   5.495038 25.088
 20    64.658 52919.60693923 41.85 292.378663   5.491728 25.088
 20    64.681 52919.60693988 41.97 292.377933   5.488428 25.088
 20    64.643 52919.60694052 42.76 292.377203   5.485118 25.088
 20    64.699 52919.60694117 43.67 292.376473   5.481818 25.088
 20    64.744 52919.60694181 43.92 292.375743   5.478508 25.088
 20    64.800 52919.60694246 44.25 292.375013   5.475198 25.088
 20    64.906 52919.60694310 43.52 292.374283   5.471898 25.088
 20    65.026 52919.60694374 46.83 292.373543   5.468588 25.088
 20    65.093 52919.60694439 48.85 292.372813   5.465288 25.088
 20    65.136 52919.60694503 51.54 292.372083   5.461978 25.088
 21    63.416 52954.60690311 38.99 292.383643   5.489271 23.545
 21    63.394 52954.60690375 41.65 292.382913   5.485971 23.545
 21    63.341 52954.60690440 42.63 292.382183   5.482661 23.545
 21    63.463 52954.60690504 46.60 292.381453   5.479361 23.545
 21    63.518 52954.60690569 48.48 292.380723   5.476051 23.545
 21    63.619 52954.60690633 46.20 292.379993   5.472741 23.545
 21    63.583 52954.60690698 40.47 292.379263   5.469441 23.545
 23    58.012 53024.60689481 38.72 292.383301   5.481292 25.728
 23    58.036 53024.60689545 36.76 292.382571   5.477982 25.728
 23    58.054 53024.60689610 44.85 292.381838   5.474676 14.474
 25    55.641 53094.60692643 37.14 292.373895   5.504708 27.365
 25    55.813 53094.60692707 49.67 292.373165   5.501398 27.365
 25    55.840 53094.60692772 45.26 292.372435   5.498098 27.365
 25    55.822 53094.60692836 52.51 292.371705   5.494788 27.365
 25    55.929 53094.60693159 45.25 292.368053   5.478262 20.574
 25    56.036 53094.60693223 42.44 292.367323   5.474952 20.574
 25    56.037 53094.60693288 42.71 292.366593   5.471652 20.574
 25    56.069 53094.60693352 41.15 292.365863   5.468342 20.574
 25    56.052 53094.60693416 39.68 292.365133   5.465032 20.574
 25    56.070 53094.60693481 37.70 292.364403   5.461732 20.574
 25    55.947 53094.60693545 37.30 292.363673   5.458422 20.574
 26    60.580 53129.60690170 37.78 292.382845   5.483662 15.322
 26    60.685 53129.60690234 44.06 292.382115   5.480352 15.322
 26    60.595 53129.60690299 51.34 292.381385   5.477052 15.322
 26    60.671 53129.60690363 49.03 292.380655   5.473742 15.322
 26    60.665 53129.60690428 40.35 292.379925   5.470442 15.322
 28    66.063 53199.60696836 37.48 292.381426   5.504908 25.906
 28    66.064 53199.60696900 41.47 292.380696   5.501608 25.906
 28    66.227 53199.60696965 42.06 292.379966   5.498298 25.906
 28    66.230 53199.60697029 37.47 292.379236   5.494998 25.906
 28    66.141 53199.60697093 35.68 292.378506   5.491688 25.906
 28    66.031 53199.60697158 36.34 292.377776   5.488378 25.906
 28    66.117 53199.60697222 37.22 292.377046   5.485078 25.906
 28    66.275 53199.60697287 38.71 292.376316   5.481768 25.906
 28    66.384 53199.60697351 40.26 292.375586   5.478468 25.906
 28    66.494 53199.60697416 40.56 292.374856   5.475158 25.906
 28    66.614 53199.60697480 41.06 292.374126   5.471858 25.906
 28    66.743 53199.60697545 42.34 292.373386   5.468548 25.906
 28    66.808 53199.60697609 46.18 292.372656   5.465248 25.906
 28    66.837 53199.60697674 46.31 292.371926   5.461938 25.906
 30    65.293 53269.60690344 38.72 292.381171   5.503750 21.372
 30    65.181 53269.60690409 41.32 292.380441   5.500440 21.372
 30    65.295 53269.60690473 40.32 292.379711   5.497140 21.372
 30    65.324 53269.60690538 38.25 292.378981   5.493830 21.372
 30    65.243 53269.60690602 37.59 292.378241   5.490530 21.372
 30    65.216 53269.60690667 38.94 292.377511   5.487220 21.372
 30    65.323 53269.60690731 39.40 292.376781   5.483920 21.372
 30    65.421 53269.60690796 40.11 292.376056   5.480607 18.477
 30    65.467 53269.60690860 39.93 292.375316   5.477307 18.477
 30    65.512 53269.60690925 39.64 292.374586   5.473997 18.477
 30    65.555 53269.60690989 39.91 292.373856   5.470697 18.477
 30    65.625 53269.60691054 41.85 292.373126   5.467387 18.477
 30    65.714 53269.60691118 45.20 292.372396   5.464077 18.477
 30    65.780 53269.60691183 49.02 292.371666   5.460777 18.477
 31    62.731 53304.60696505 35.77 292.374406   5.505675 24.895
 31    62.863 53304.60696569 38.61 292.373676   5.502365 24.895
 31    62.935 53304.60696633 38.48 292.372936   5.499065 24.895
 31    62.893 53304.60696698 39.43 292.372206   5.495755 24.895
 31    63.007 53304.60697020 29.34 292.368556   5.479225 24.895
 31    63.016 53304.60697085 29.47 292.367826   5.475925 24.895
 31    62.932 53304.60697149 26.68 292.367096   5.472615 24.895
 31    62.791 53304.60697214 24.82 292.366356   5.469315 24.895
 31    62.638 53304.60697278 23.05 292.365626   5.466002  8.438
 31    63.172 53304.60697343 20.55 292.364896   5.462702  8.438
 31    63.013 53304.60697407 19.50 292.364166   5.459392  8.438
 32    61.392 53339.60693408 43.73 292.380034   5.503168 37.859
 32    61.452 53339.60693472 49.30 292.379304   5.499858 37.859
 32    61.365 53339.60693537 44.97 292.378564   5.496558 37.859
 32    61.338 53339.60693601 41.49 292.377834   5.493248 37.859
 32    61.427 53339.60693666 42.96 292.377104   5.489948 37.859
 32    61.558 53339.60693730 43.44 292.376374   5.486638 37.859
 32    61.646 53339.60693795 43.59 292.375644   5.483328 37.859
 32    61.457 53339.60693859 39.60 292.374914   5.480028 37.859
 32    61.584 53339.60693923 42.50 292.374184   5.476718 37.859
 32    61.531 53339.60693988 40.06 292.373454   5.473418 37.859
 32    61.598 53339.60694052 38.15 292.372724   5.470108 37.859
 32    61.700 53339.60694117 36.36 292.371994   5.466808 37.859
 32    61.727 53339.60694181 39.44 292.371260   5.463494  8.605
 32    61.753 53339.60694246 39.48 292.370530   5.460194  8.605
 33    58.850 53374.60686553 38.68 292.383110   5.502824 38.722
 33    58.774 53374.60686618 37.73 292.382380   5.499524 38.722
 33    58.742 53374.60686682 37.70 292.381640   5.496214 38.722
 33    58.732 53374.60686746 36.22 292.380910   5.492914 38.722
 33    58.810 53374.60686811 37.25 292.380180   5.489604 38.722
 33    58.780 53374.60686875 35.84 292.379450   5.486304 38.722
 33    58.876 53374.60686940 37.06 292.378720   5.482994 38.722
 33    58.762 53374.60687004 37.45 292.377990   5.479684 38.722
 33    58.809 53374.60687069 38.86 292.377260   5.476384 38.722
 33    58.844 53374.60687133 43.03 292.376530   5.473074 38.722
 33    58.921 53374.60687198 40.04 292.375800   5.469774 38.722
 33    59.015 53374.60687262 42.38 292.375070   5.466464 38.722
 33    59.119 53374.60687327 35.11 292.374340   5.463164 38.722
 34    56.766 53409.60690840 42.91 292.383580   5.500986 40.842
 34    56.878 53409.60690905 40.77 292.382850   5.497686 40.842
 34    56.595 53409.60690969 37.46 292.382120   5.494376 40.842
 34    56.680 53409.60691034 38.62 292.381390   5.491076 40.842
 34    56.730 53409.60691098 42.81 292.380660   5.487766 40.842
 34    56.622 53409.60691162 46.14 292.379930   5.484466 40.842
 34    56.675 53409.60691227 43.91 292.379200   5.481156 40.842
 34    56.808 53409.60691291 42.46 292.378470   5.477846 40.842
 34    56.802 53409.60691356 42.85 292.377740   5.474546 40.842
 34    56.711 53409.60691420 47.52 292.377010   5.471236 40.842
 34    56.742 53409.60691485 45.75 292.376280   5.467936 40.842
 34    56.847 53409.60691549 46.39 292.375542   5.464623  9.482
 34    56.964 53409.60691614 42.32 292.374812   5.461323  9.482
 35    56.482 53444.60689078 39.74 292.381195   5.505643 41.595
 35    56.610 53444.60689142 43.55 292.380455   5.502343 41.595
 35    56.664 53444.60689207 48.70 292.379725   5.499033 41.595
 35    56.550 53444.60689271 42.64 292.378995   5.495733 41.595
 35    56.668 53444.60689335 46.44 292.378265   5.492423 41.595
 35    56.788 53444.60689400 48.52 292.377535   5.489123 41.595
 35    56.900 53444.60689464 50.10 292.376805   5.485813 41.595
 35    56.922 53444.60689529 50.86 292.376075   5.482503 41.595
 35    56.814 53444.60689593 47.64 292.375345   5.479203 41.595
 35    56.770 53444.60689658 46.02 292.374615   5.475893 41.595
 35    56.875 53444.60689722 46.42 292.373885   5.472593 41.595
 35    56.921 53444.60689787 45.96 292.373155   5.469283 41.595
 35    57.108 53444.60689851 47.69 292.372425   5.465973 41.595
 35    57.157 53444.60689916 51.15 292.371697   5.462678  9.764
 36    60.819 53479.60697010 42.94 292.375514   5.504777 34.314
 36    60.900 53479.60697074 47.30 292.374784   5.501467 34.314
 36    60.980 53479.60697139 48.96 292.374054   5.498167 34.314
 36    61.010 53479.60697203 45.32 292.373324   5.494857 34.314
 36    60.902 53479.60697268 44.48 292.372594   5.491547 34.314
 36    60.804 53479.60697461 38.15 292.370404   5.481637 34.314
 36    61.176 53479.60697526 42.46 292.369674   5.478327 34.314
 36    61.242 53479.60697590 46.75 292.368944   5.475027 34.314
 36    61.314 53479.60697654 50.54 292.368204   5.471722 16.083
 36    61.387 53479.60697719 52.19 292.367474   5.468412 16.083
 36    61.436 53479.60697783 52.49 292.366744   5.465102 16.083
 36    61.435 53479.60697848 49.38 292.366014   5.461802 16.083
 36    61.437 53479.60697912 46.08 292.365284   5.458492 16.083
 37    64.030 53514.60697716 40.11 292.381022   5.503671 27.057
 37    64.150 53514.60697781 44.54 292.380292   5.500361 27.057
 37    64.166 53514.60697845 43.92 292.379552   5.497061 27.057
 37    64.076 53514.60697910 42.82 292.378822   5.493751 27.057
 37    64.165 53514.60697974 43.37 292.378092   5.490451 27.057
 37    64.250 53514.60698039 43.44 292.377362   5.487141 27.057
 37    64.303 53514.60698103 44.07 292.376632   5.483831 27.057
 37    64.325 53514.60698168 43.64 292.375902   5.480531 27.057
 37    64.352 53514.60698232 44.90 292.375172   5.477221 27.057
 37    64.397 53514.60698297 44.06 292.374442   5.473921 27.057
 37    64.507 53514.60698361 45.41 292.373712   5.470611 27.057
 37    64.596 53514.60698425 46.04 292.372982   5.467301 27.057
 37    64.657 53514.60698490 49.28 292.372246   5.464006 12.115
 37    64.697 53514.60698554 52.46 292.371516   5.460696 12.115
 38    64.918 53549.60699624 38.23 292.375988   5.505848 28.261
 38    65.079 53549.60699689 40.88 292.375258   5.502548 28.261
 38    65.184 53549.60699753 45.11 292.374528   5.499238 28.261
 38    65.037 53549.60699818 44.94 292.373798   5.495938 28.261
 38    65.092 53549.60699882 40.85 292.373068   5.492628 28.261
 38    65.191 53549.60700075 37.84 292.370878   5.482708 28.261
 38    65.275 53549.60700140 39.49 292.370148   5.479408 28.261
 38    65.431 53549.60700204 41.16 292.369418   5.476098 28.261
 38    65.570 53549.60700269 50.80 292.368688   5.472798 28.261
 38    65.568 53549.60700333 50.03 292.367954   5.469485 20.061
 38    65.646 53549.60700398 51.65 292.367224   5.466185 20.061
 38    65.737 53549.60700462 49.49 292.366494   5.462875 20.061
 38    65.783 53549.60700527 51.44 292.365764   5.459575 20.061
 39    65.695 53584.60695884 39.80 292.382414   5.503417 27.146
 39    65.676 53584.60695948 42.77 292.381684   5.500117 27.146
 39    65.720 53584.60696013 42.40 292.380954   5.496807 27.146
 39    65.700 53584.60696077 42.73 292.380224   5.493507 27.146
 39    65.685 53584.60696142 40.01 292.379484   5.490197 27.146
 39    65.638 53584.60696206 38.97 292.378754   5.486897 27.146
 39    65.712 53584.60696271 39.03 292.378024   5.483587 27.146
 39    65.852 53584.60696335 39.30 292.377294   5.480277 27.146
 39    65.885 53584.60696400 39.36 292.376564   5.476977 27.146
 39    65.913 53584.60696464 40.70 292.375834   5.473667 27.146
 39    66.007 53584.60696529 40.76 292.375104   5.470367 27.146
 39    66.045 53584.60696593 46.25 292.374374   5.467057 27.146
 39    66.127 53584.60696658 47.67 292.373644   5.463757 27.146
 40    64.945 53619.60691502 38.94 292.378054   5.506309 32.110
 40    65.248 53619.60691567 40.38 292.377324   5.502999 32.110
 40    65.257 53619.60691631 41.17 292.376584   5.499699 32.110
 40    65.242 53619.60691696 43.42 292.375854   5.496389 32.110
 40    65.208 53619.60691760 42.11 292.375124   5.493089 32.110
 40    65.238 53619.60691825 39.48 292.374394   5.489779 32.110
 40    65.387 53619.60691889 39.91 292.373664   5.486479 32.110
 40    65.381 53619.60691954 41.84 292.372934   5.483169 32.110
 40    65.306 53619.60692018 42.75 292.372204   5.479859 32.110
 40    65.516 53619.60692082 42.50 292.371474   5.476559 32.110
 40    65.651 53619.60692147 50.98 292.370744   5.473249 32.110
 40    65.726 53619.60692211 49.26 292.370014   5.469949 32.110
 40    65.821 53619.60692276 48.43 292.369284   5.466639 32.110
 40    65.829 53619.60692340 50.35 292.368554   5.463329 32.110
 40    65.808 53619.60692405 51.05 292.367826   5.460023  9.528
 41    61.652 53654.60694219 43.44 292.380291   5.503021 31.528
 41    61.766 53654.60694283 48.46 292.379551   5.499711 31.528
 41    61.746 53654.60694348 43.69 292.378821   5.496411 31.528
 41    61.663 53654.60694412 42.75 292.378091   5.493101 31.528
 41    61.709 53654.60694477 41.68 292.377361   5.489801 31.528
 41    61.801 53654.60694541 40.96 292.376631   5.486491 31.528
 41    61.837 53654.60694606 38.97 292.375901   5.483181 31.528
 41    61.735 53654.60694670 38.72 292.375171   5.479881 31.528
 41    61.918 53654.60694735 41.77 292.374441   5.476571 31.528
 41    61.891 53654.60694799 41.81 292.373711   5.473271 31.528
 41    61.956 53654.60694864 41.96 292.372972   5.469958 16.635
 41    62.029 53654.60694928 44.55 292.372242   5.466658 16.635
 41    62.135 53654.60694993 46.84 292.371512   5.463348 16.635
 41    62.214 53654.60695057 46.48 292.370782   5.460048 16.635
 42    61.889 53689.60693670 42.47 292.378608   5.505564 37.067
 42    62.089 53689.60693734 44.22 292.377878   5.502264 37.067
 42    62.180 53689.60693799 43.33 292.377138   5.498954 37.067
 42    62.219 53689.60693863 45.73 292.376408   5.495654 37.067
 42    62.218 53689.60693928 45.30 292.375678   5.492344 37.067
 42    62.253 53689.60693992 45.38 292.374948   5.489044 37.067
 42    62.267 53689.60694057 47.04 292.374218   5.485734 37.067
 42    62.331 53689.60694121 43.76 292.373488   5.482434 37.067
 42    62.275 53689.60694186 43.85 292.372758   5.479124 37.067
 42    62.438 53689.60694250 43.94 292.372028   5.475814 37.067
 42    62.559 53689.60694315 48.89 292.371298   5.472514 37.067
 42    62.638 53689.60694379 48.39 292.370568   5.469204 37.067
 42    62.690 53689.60694443 50.73 292.369838   5.465904 37.067
 42    62.573 53689.60694508 53.10 292.369103   5.462590 10.566
 42    62.601 53689.60694572 49.67 292.368373   5.459290 10.566
 43    60.410 53724.60686186 39.46 292.382362   5.500783 40.072
 43    60.543 53724.60686251 41.33 292.381622   5.497473 40.072
 43    60.513 53724.60686315 42.32 292.380902   5.494173 40.072
 43    60.594 53724.60686380 43.45 292.380162   5.490863 40.072
 43    60.610 53724.60686444 46.53 292.379432   5.487563 40.072
 43    60.564 53724.60686509 44.45 292.378702   5.484253 40.072
 43    60.495 53724.60686573 43.17 292.377972   5.480943 40.072
 43    60.550 53724.60686638 45.48 292.377242   5.477643 40.072
 43    60.614 53724.60686702 42.02 292.376512   5.474333 40.072
 43    60.663 53724.60686767 40.68 292.375782   5.471033 40.072
 43    60.678 53724.60686831 36.90 292.375052   5.467723 40.072
 43    60.672 53724.60686895 29.93 292.374322   5.464413 40.072
 43    60.177 53724.60686960 22.88 292.373594   5.461117  4.368
 44    58.797 53759.60680881 49.51 292.383566   5.478610 30.976
 44    58.762 53759.60680945 51.41 292.382836   5.475300 30.976
 45    57.355 53794.60682340 39.24 292.384028   5.500708 37.022
 45    57.438 53794.60682405 33.66 292.383298   5.497408 37.022
 45    57.333 53794.60682469 41.47 292.382558   5.494098 37.022
 45    57.501 53794.60682534 44.79 292.381828   5.490798 37.022
 45    57.306 53794.60682598 40.39 292.381098   5.487488 37.022
 45    57.376 53794.60682663 43.01 292.380368   5.484188 37.022
 45    57.460 53794.60682727 38.17 292.379638   5.480878 37.022
 45    57.397 53794.60682791 35.93 292.378908   5.477568 37.022
 45    57.499 53794.60682856 36.19 292.378178   5.474268 37.022
 45    57.512 53794.60682920 40.35 292.377448   5.470958 37.022
 45    57.478 53794.60682985 35.47 292.376718   5.467658 37.022
 45    57.445 53794.60683049 28.69 292.375986   5.464344  5.941
 46    59.181 53829.60679892 44.30 292.385396   5.503193 40.665
 46    59.092 53829.60679957 43.82 292.384666   5.499893 40.665
 46    59.184 53829.60680021 43.41 292.383936   5.496583 40.665
 46    59.142 53829.60680086 47.57 292.383206   5.493283 40.665
 46    59.032 53829.60680150 49.54 292.382476   5.489973 40.665
 46    59.086 53829.60680215 49.96 292.381746   5.486663 40.665
 46    59.155 53829.60680279 47.06 292.381016   5.483363 40.665
 46    59.218 53829.60680344 44.79 292.380286   5.480053 40.665
 46    59.274 53829.60680408 49.54 292.379546   5.476753 40.665
 46    59.233 53829.60680472 50.39 292.378823   5.473441 17.252
 46    59.084 53829.60680537 50.51 292.378083   5.470141 17.252
 46    59.108 53829.60680601 47.88 292.377353   5.466831 17.252
 47    61.693 53864.60687778 41.51 292.379131   5.505702 24.662
 47    61.881 53864.60687842 40.93 292.378401   5.502392 24.662
 47    61.791 53864.60687907 42.68 292.377671   5.499092 24.662
 47    61.937 53864.60687971 41.89 292.376941   5.495782 24.662
 47    61.974 53864.60688036 39.36 292.376211   5.492482 24.662
 47    61.805 53864.60688100 34.66 292.375471   5.489172 24.662
 47    61.642 53864.60688165 31.45 292.374741   5.485872 24.662
 47    61.656 53864.60688229 29.44 292.374011   5.482562 24.662
 47    61.971 53864.60688293 31.38 292.373281   5.479262 24.662
 47    62.115 53864.60688358 31.56 292.372551   5.475952 24.662
 47    62.045 53864.60688422 30.92 292.371821   5.472642 24.662
 47    61.930 53864.60688487 22.71 292.371091   5.469342 24.662
 47    61.771 53864.60688551 22.50 292.370361   5.466032 24.662
 47    62.086 53864.60688616 19.90 292.369631   5.462732 24.662
 47    62.448 53864.60688680 20.40 292.368901   5.459422 24.662
 48    64.590 53899.60690361 41.98 292.381035   5.503665 25.821
 48    64.702 53899.60690425 43.88 292.380295   5.500355 25.821
 48    64.686 53899.60690489 43.22 292.379565   5.497055 25.821
 48    64.812 53899.60690554 43.83 292.378835   5.493745 25.821
 48    64.716 53899.60690618 43.82 292.378105   5.490445 25.821
 48    64.735 53899.60690683 42.84 292.377375   5.487135 25.821
 48    64.824 53899.60690747 43.75 292.376645   5.483825 25.821
 48    64.807 53899.60690812 43.18 292.375915   5.480525 25.821
 48    64.870 53899.60690876 43.95 292.375185   5.477215 25.821
 48    64.922 53899.60690941 43.78 292.374455   5.473915 25.821
 48    65.024 53899.60691005 45.74 292.373718   5.470601 14.567
 48    65.116 53899.60691070 47.46 292.372988   5.467301 14.567
 48    65.213 53899.60691134 50.80 292.372258   5.463991 14.567
 48    65.283 53899.60691199 48.34 292.371528   5.460691 14.567
 49    66.045 53934.60694685 34.96 292.371749   5.506386 27.961
 49    66.280 53934.60694750 34.04 292.371019   5.503086 27.961
 49    66.400 53934.60694814 35.74 292.370289   5.499776 27.961
 49    66.307 53934.60694879 36.39 292.369559   5.496466 27.961
 49    67.090 53934.60695266 39.55 292.365169   5.476636 27.961
 49    67.058 53934.60695330 45.91 292.364439   5.473326 27.961
 49    66.993 53934.60695395 46.90 292.363709   5.470026 27.961
 49    67.075 53934.60695459 45.46 292.362979   5.466716 27.961
 49    67.133 53934.60695524 48.00 292.362249   5.463416 27.961
 49    67.132 53934.60695588 48.80 292.361519   5.460106 27.961
 49    67.144 53934.60695652 49.11 292.360789   5.456806 27.961
 50    66.195 53969.60691736 35.51 292.375915   5.504384 15.084
 50    66.204 53969.60691801 36.01 292.375185   5.501074 15.084
 50    66.063 53969.60691865 35.88 292.374455   5.497764 15.084
 50    66.128 53969.60691930 35.78 292.373725   5.494464 15.084
 50    66.032 53969.60691994 33.33 292.372995   5.491154 15.084
 50    66.515 53969.60692123 32.88 292.371535   5.484544 15.084
 50    66.302 53969.60692187 30.92 292.370805   5.481244 15.084
 50    66.308 53969.60692252 30.14 292.370065   5.477934 15.084
 50    66.238 53969.60692316 29.49 292.369335   5.474634 15.084
 50    66.071 53969.60692381 28.86 292.368605   5.471324 15.084
 50    65.874 53969.60692445 29.66 292.367875   5.468014 15.084
 50    66.379 53969.60692510 24.53 292.367145   5.464714 15.084
 50    66.754 53969.60692574 23.15 292.366415   5.461404 15.084
 50    66.841 53969.60692639 24.99 292.365685   5.458104 15.084
 51    64.132 54004.60689181 42.00 292.383917   5.500849 29.257
 51    64.239 54004.60689246 39.16 292.383187   5.497539 29.257
 51    64.236 54004.60689310 42.94 292.382457   5.494239 29.257
 51    64.124 54004.60689375 41.61 292.381717   5.490929 29.257
 51    64.149 54004.60689439 40.38 292.380987   5.487629 29.257
 51    64.175 54004.60689504 41.69 292.380257   5.484319 29.257
 51    64.225 54004.60689568 45.39 292.379527   5.481019 29.257
 51    64.308 54004.60689632 44.53 292.378797   5.477709 29.257
 51    64.371 54004.60689697 44.39 292.378067   5.474409 29.257
 51    64.411 54004.60689761 47.12 292.377337   5.471099 29.257
 51    64.487 54004.60689826 45.57 292.376607   5.467789 29.257
 51    64.583 54004.60689890 49.32 292.375877   5.464489 29.257
 51    64.653 54004.60689955 47.86 292.375147   5.461179 29.257
 52    62.960 54039.60692408 36.89 292.384432   5.502235 28.813
 52    63.063 54039.60692473 37.11 292.383702   5.498925 28.813
 52    63.115 54039.60692537 38.23 292.382972   5.495625 28.813
 52    63.007 54039.60692602 42.73 292.382242   5.492315 28.813
 52    63.119 54039.60692666 42.92 292.381512   5.489015 28.813
 52    63.149 54039.60692731 43.57 292.380782   5.485705 28.813
 52    63.119 54039.60692795 45.80 292.380052   5.482405 28.813
 52    63.116 54039.60692860 45.75 292.379312   5.479095 28.813
 52    63.132 54039.60692924 47.68 292.378582   5.475795 28.813
 52    63.161 54039.60692988 47.33 292.377852   5.472485 28.813
 52    63.236 54039.60693053 46.09 292.377122   5.469175 28.813
 52    63.300 54039.60693117 37.61 292.376392   5.465875 28.813
 52    63.344 54039.60693182 39.19 292.375662   5.462565 28.813
 53    62.172 54074.60691796 40.73 292.382458   5.505867 35.614
 53    62.361 54074.60691860 41.94 292.381728   5.502557 35.614
 53    62.484 54074.60691925 44.45 292.380998   5.499257 35.614
 53    62.463 54074.60691989 43.42 292.380268   5.495947 35.614
 53    62.416 54074.60692054 47.66 292.379538   5.492647 35.614
 53    62.502 54074.60692118 48.32 292.378808   5.489337 35.614
 53    62.604 54074.60692183 47.38 292.378078   5.486027 35.614
 53    62.589 54074.60692247 46.92 292.377348   5.482727 35.614
 53    62.586 54074.60692312 46.49 292.376608   5.479417 35.614
 53    62.602 54074.60692376 46.79 292.375878   5.476117 35.614
 53    62.555 54074.60692441 45.14 292.375148   5.472807 35.614
 53    62.788 54074.60692505 48.30 292.374418   5.469507 35.614
 53    62.862 54074.60692569 51.31 292.373688   5.466197 35.614
 53    62.869 54074.60692634 51.23 292.372958   5.462887 35.614
 54    58.919 54109.60686259 38.08 292.379840   5.505292 32.060
 54    59.015 54109.60686324 37.20 292.379110   5.501992 32.060
 54    59.089 54109.60686388 41.68 292.378380   5.498682 32.060
 54    58.970 54109.60686453 42.47 292.377650   5.495382 32.060
 54    59.056 54109.60686517 43.56 292.376920   5.492072 32.060
 54    59.119 54109.60686582 43.39 292.376190   5.488772 32.060
 54    59.178 54109.60686646 42.31 292.375460   5.485462 32.060
 54    59.272 54109.60686711 41.60 292.374730   5.482152 32.060
 54    59.241 54109.60686775 41.60 292.374000   5.478852 32.060
 54    59.277 54109.60686840 39.85 292.373270   5.475542 32.060
 54    59.282 54109.60686904 40.32 292.372540   5.472242 32.060
 54    59.195 54109.60686969 35.15 292.371800   5.468932 32.060
 54    59.252 54109.60687033 32.15 292.371070   5.465622 32.060
 54    59.218 54109.60687098 24.84 292.370340   5.462322 32.060
 55    55.631 54144.60685634 43.47 292.381284   5.503414 42.051
 55    55.768 54144.60685699 47.09 292.380554   5.500114 42.051
 55    55.697 54144.60685763 45.14 292.379824   5.496804 42.051
 55    55.943 54144.60685828 45.64 292.379094   5.493504 42.051
 55    55.881 54144.60685892 49.93 292.378364   5.490194 42.051
 55    55.973 54144.60685957 51.37 292.377634   5.486894 42.051
 55    56.063 54144.60686021 48.20 292.376894   5.483584 42.051
 55    55.896 54144.60686086 43.10 292.376164   5.480284 42.051
 55    55.905 54144.60686150 41.27 292.375434   5.476974 42.051
 55    55.918 54144.60686215 40.87 292.374704   5.473674 42.051
 55    55.981 54144.60686279 46.08 292.373974   5.470364 42.051
 55    56.116 54144.60686344 46.97 292.373244   5.467054 42.051
 55    56.312 54144.60686408 46.19 292.372514   5.463754 42.051
 55    56.334 54144.60686473 44.81 292.371784   5.460444 42.051
 56    55.018 54179.60684812 42.78 292.379919   5.503904 39.674
 56    55.148 54179.60684876 50.15 292.379189   5.500594 39.674
 56    55.029 54179.60684941 47.61 292.378459   5.497294 39.674
 56    55.168 54179.60685005 44.32 292.377729   5.493984 39.674
 56    55.335 54179.60685070 45.79 292.376999   5.490684 39.674
 56    55.427 54179.60685134 49.33 292.376269   5.487374 39.674
 56    55.374 54179.60685198 53.73 292.375539   5.484074 39.674
 56    55.307 54179.60685263 52.43 292.374809   5.480764 39.674
 56    55.314 54179.60685327 49.77 292.374079   5.477454 39.674
 56    55.346 54179.60685392 49.83 292.373349   5.474149 18.536
 56    55.398 54179.60685456 47.79 292.372619   5.470849 18.536
 56    55.460 54179.60685521 48.97 292.371889   5.467539 18.536
 56    55.503 54179.60685585 48.99 292.371159   5.464239 18.536
 56    55.529 54179.60685650 45.76 292.370429   5.460929 18.536
 57    60.251 54214.60686379 44.11 292.380405   5.503485 34.543
 57    60.364 54214.60686444 50.46 292.379675   5.500175 34.543
 57    60.244 54214.60686508 47.03 292.378945   5.496865 34.543
 57    60.327 54214.60686573 47.44 292.378215   5.493565 34.543
 57    60.369 54214.60686637 46.19 292.377485   5.490255 34.543
 57    60.456 54214.60686702 49.80 292.376755   5.486955 34.543
 57    60.551 54214.60686766 48.91 292.376025   5.483645 34.543
 57    60.513 54214.60686830 46.21 292.375295   5.480335 34.543
 57    60.496 54214.60686895 47.76 292.374565   5.477035 34.543
 57    60.528 54214.60686959 47.41 292.373825   5.473725 34.543
 57    60.572 54214.60687024 47.10 292.373095   5.470425 34.543
 57    60.703 54214.60687088 48.07 292.372365   5.467115 34.543
 57    60.763 54214.60687153 53.48 292.371635   5.463815 34.543
 57    60.723 54214.60687217 50.48 292.370905   5.460505 34.543
 58    63.723 54249.60689111 36.20 292.380869   5.504422 19.321
 58    63.701 54249.60689176 38.82 292.380131   5.501108 28.871
 58    63.634 54249.60689240 38.84 292.379401   5.497808 28.871
 58    63.728 54249.60689305 39.14 292.378671   5.494498 28.871
 58    63.814 54249.60689369 38.87 292.377941   5.491198 28.871
 58    63.917 54249.60689433 40.12 292.377211   5.487888 28.871
 58    64.017 54249.60689498 39.65 292.376481   5.484588 28.871
 58    63.879 54249.60689562 41.26 292.375751   5.481278 28.871
 58    63.886 54249.60689627 42.37 292.375021   5.477968 28.871
 58    63.948 54249.60689691 41.39 292.374291   5.474668 28.871
 58    64.008 54249.60689756 39.55 292.373561   5.471358 28.871
 58    64.051 54249.60689820 37.27 292.372831   5.468058 28.871
 58    64.173 54249.60689885 41.39 292.372091   5.464748 28.871
 58    64.176 54249.60689949 46.38 292.371361   5.461448 28.871
 59    66.709 54284.60689968 41.56 292.381650   5.501257 23.981
 59    66.578 54284.60690033 39.54 292.380915   5.497945 22.856
 59    66.604 54284.60690097 37.97 292.380185   5.494645 22.856
 59    66.618 54284.60690162 37.49 292.379455   5.491335 22.856
 59    66.422 54284.60690226 39.50 292.378725   5.488035 22.856
 59    66.507 54284.60690291 41.54 292.377995   5.484725 22.856
 59    66.653 54284.60690355 42.13 292.377265   5.481415 22.856
 59    66.725 54284.60690420 41.46 292.376535   5.478115 22.856
 59    66.801 54284.60690484 42.19 292.375805   5.474805 22.856
 59    66.884 54284.60690549 43.18 292.375075   5.471505 22.856
 59    67.019 54284.60690613 42.09 292.374335   5.468195 22.856
 59    67.106 54284.60690678 43.00 292.373605   5.464895 22.856
 59    67.206 54284.60690742 44.75 292.372875   5.461585 22.856
 60    66.542 54319.60689684 42.91 292.382339   5.501753 24.823
 60    66.529 54319.60689748 41.35 292.381609   5.498443 24.823
 60    66.515 54319.60689813 38.08 292.380873   5.495148 23.277
 60    66.514 54319.60689877 38.27 292.380143   5.491838 23.277
 60    66.396 54319.60689942 37.45 292.379413   5.488528 23.277
 60    66.528 54319.60690006 38.84 292.378683   5.485228 23.277
 60    66.600 54319.60690071 42.44 292.377953   5.481918 23.277
 60    66.726 54319.60690135 44.18 292.377223   5.478618 23.277
 60    66.725 54319.60690200 42.58 292.376493   5.475308 23.277
 60    66.774 54319.60690264 43.06 292.375763   5.472008 23.277
 60    66.899 54319.60690328 42.51 292.375033   5.468698 23.277
 60    66.950 54319.60690393 47.31 292.374303   5.465388 23.277
 60    67.049 54319.60690457 45.61 292.373573   5.462088 23.277
 61    65.201 54354.60685940 36.17 292.381810   5.503437 17.916
 61    65.225 54354.60686004 37.14 292.381080   5.500137 17.916
 61    65.223 54354.60686069 37.07 292.380350   5.496827 17.916
 61    65.144 54354.60686133 36.23 292.379620   5.493517 17.916
 61    65.192 54354.60686198 35.65 292.378889   5.490211 18.658
 61    65.223 54354.60686262 36.35 292.378159   5.486911 18.658
 61    65.354 54354.60686327 38.35 292.377429   5.483601 18.658
 61    65.417 54354.60686391 38.22 292.376699   5.480301 18.658
 61    65.493 54354.60686455 39.58 292.375969   5.476991 18.658
 61    65.506 54354.60686520 39.49 292.375239   5.473691 18.658
 61    65.576 54354.60686584 40.31 292.374509   5.470381 18.658
 61    65.660 54354.60686649 44.53 292.373779   5.467071 18.658
 61    65.740 54354.60686713 45.64 292.373049   5.463771 18.658
 61    65.785 54354.60686778 40.00 292.372309   5.460461 18.658
 62    64.363 54389.60683723 41.68 292.381990   5.502269 24.845
 62    64.262 54389.60683787 44.28 292.381260   5.498969 24.845
 62    64.390 54389.60683852 43.31 292.380530   5.495659 24.845
 62    64.326 54389.60683916 45.57 292.379800   5.492359 24.845
 62    64.337 54389.60683981 45.01 292.379070   5.489049 24.845
 62    64.425 54389.60684045 44.71 292.378340   5.485739 24.845
 62    64.451 54389.60684110 45.98 292.377610   5.482439 24.845
 62    64.440 54389.60684174 45.80 292.376880   5.479129 24.845
 62    64.558 54389.60684239 46.52 292.376150   5.475829 24.845
 62    64.443 54389.60684303 44.84 292.375414   5.472515 13.954
 62    64.668 54389.60684368 46.58 292.374684   5.469215 13.954
 62    64.747 54389.60684432 51.70 292.373954   5.465905 13.954
 62    64.785 54389.60684497 51.71 292.373224   5.462605 13.954
 63    61.822 54424.60680943 40.12 292.381408   5.504505 35.134
 63    61.942 54424.60681008 44.59 292.380678   5.501195 35.134
 63    61.874 54424.60681072 41.02 292.379938   5.497895 35.134
 63    61.903 54424.60681137 42.69 292.379208   5.494585 35.134
 63    61.929 54424.60681201 42.09 292.378478   5.491285 35.134
 63    62.001 54424.60681266 43.24 292.377748   5.487975 35.134
 63    62.078 54424.60681330 43.00 292.377018   5.484675 35.134
 63    62.144 54424.60681395 40.38 292.376288   5.481365 35.134
 63    62.136 54424.60681459 41.48 292.375558   5.478055 35.134
 63    62.146 54424.60681524 41.96 292.374828   5.474755 35.134
 63    62.174 54424.60681588 40.21 292.374098   5.471445 35.134
 63    62.211 54424.60681653 38.35 292.373368   5.468145 35.134
 63    62.206 54424.60681717 32.52 292.372635   5.464840  7.389
 63    62.174 54424.60681782 29.87 292.371905   5.461530  7.389
 64    59.916 54459.60681279 38.40 292.382347   5.502098 36.781
 64    59.695 54459.60681344 38.33 292.381617   5.498788 36.781
 64    59.771 54459.60681408 39.79 292.380887   5.495478 36.781
 64    59.874 54459.60681473 42.76 292.380157   5.492178 36.781
 64    59.941 54459.60681537 43.17 292.379427   5.488868 36.781
 64    59.836 54459.60681602 46.64 292.378697   5.485568 36.781
 64    59.890 54459.60681666 43.47 292.377967   5.482258 36.781
 64    59.976 54459.60681731 44.05 292.377237   5.478958 36.781
 64    59.971 54459.60681795 42.41 292.376497   5.475644 13.260
 64    59.972 54459.60681860 42.39 292.375767   5.472344 13.260
 64    59.984 54459.60681924 40.09 292.375037   5.469034 13.260
 64    60.145 54459.60681989 44.28 292.374307   5.465734 13.260
 64    60.023 54459.60682053 29.23 292.373577   5.462424 13.260
 65    57.270 54494.60681437 30.93 292.382366   5.504901 28.149
 65    57.197 54494.60681501 31.81 292.381626   5.501591 28.149
 65    57.134 54494.60681566 32.89 292.380896   5.498291 28.149
 65    57.076 54494.60681630 33.05 292.380166   5.494981 28.149
 65    57.210 54494.60681695 34.19 292.379436   5.491671 28.149
 65    57.162 54494.60681759 34.34 292.378706   5.488371 28.149
 65    57.147 54494.60681824 30.11 292.377976   5.485061 28.149
 65    57.220 54494.60681888 28.45 292.377246   5.481761 28.149
 65    57.274 54494.60681953 29.40 292.376516   5.478451 28.149
 65    57.321 54494.60682017 34.14 292.375786   5.475151 28.149
 65    57.360 54494.60682081 35.00 292.375054   5.471837 10.751
 65    57.455 54494.60682146 34.58 292.374324   5.468537 10.751
 65    57.558 54494.60682210 34.48 292.373594   5.465227 10.751
 65    57.519 54494.60682275 28.75 292.372864   5.461927 10.751
 66    56.488 54529.60682567 43.67 292.383175   5.501543 35.874
 66    56.667 54529.60682632 51.22 292.382445   5.498243 35.874
 66    56.622 54529.60682696 51.04 292.381715   5.494933 35.874
 66    56.606 54529.60682761 51.49 292.380985   5.491633 35.874
 66    56.560 54529.60682825 47.31 292.380255   5.488323 35.874
 66    56.640 54529.60682890 48.23 292.379525   5.485013 35.874
 66    56.524 54529.60682954 48.87 292.378795   5.481713 35.874
 66    56.519 54529.60683019 47.17 292.378065   5.478403 35.874
 66    56.551 54529.60683083 44.27 292.377335   5.475103 35.874
 66    56.621 54529.60683148 47.20 292.376595   5.471793 35.874
 66    56.696 54529.60683212 46.65 292.375865   5.468493 35.874
 66    56.784 54529.60683277 48.40 292.375135   5.465183 35.874
 66    56.833 54529.60683341 43.81 292.374405   5.461873 35.874
 67    55.788 54564.60682095 48.59 292.380803   5.503498 34.905
 67    55.866 54564.60682159 48.88 292.380073   5.500188 34.905
 67    55.861 54564.60682224 44.38 292.379343   5.496892 33.350
 67    55.992 54564.60682288 45.32 292.378613   5.493582 33.350
 67    56.090 54564.60682353 46.44 292.377883   5.490272 33.350
 67    56.168 54564.60682417 50.53 292.377153   5.486972 33.350
 67    56.015 54564.60682482 51.59 292.376423   5.483662 33.350
 67    56.010 54564.60682546 50.23 292.375693   5.480362 33.350
 67    56.041 54564.60682611 48.53 292.374963   5.477052 33.350
 67    56.091 54564.60682675 48.36 292.374233   5.473742 33.350
 67    56.136 54564.60682739 45.45 292.373503   5.470442 33.350
 67    56.185 54564.60682804 46.32 292.372773   5.467132 33.350
 67    56.249 54564.60682868 48.57 292.372033   5.463832 33.350
 67    56.297 54564.60682933 48.25 292.371303   5.460522 33.350
 68    60.515 54599.60682040 45.20 292.381520   5.504448 30.474
 68    60.659 54599.60682105 48.21 292.380790   5.501148 30.474
 68    60.531 54599.60682169 46.40 292.380060   5.497838 30.474
 68    60.618 54599.60682234 45.51 292.379330   5.494538 30.474
 68    60.674 54599.60682298 42.77 292.378600   5.491228 30.474
 68    60.774 54599.60682363 48.17 292.377870   5.487918 30.474
 68    60.840 54599.60682427 49.23 292.377140   5.484618 30.474
 68    60.871 54599.60682492 47.08 292.376410   5.481308 30.474
 68    60.866 54599.60682556 48.52 292.375680   5.478008 30.474
 68    60.898 54599.60682621 46.57 292.374950   5.474698 30.474
 68    60.860 54599.60682685 45.18 292.374220   5.471398 30.474
 68    60.937 54599.60682750 44.38 292.373480   5.468088 30.474
 68    61.001 54599.60682814 46.99 292.372750   5.464788 30.474
 68    61.061 54599.60682879 49.75 292.372020   5.461478 30.474
 69    64.156 54634.60683320 37.30 292.380257   5.505084 25.319
 69    64.287 54634.60683385 38.37 292.379527   5.501784 25.319
 69    64.370 54634.60683449 38.75 292.378797   5.498474 25.319
 69    64.246 54634.60683514 34.83 292.378067   5.495174 25.319
 69    64.137 54634.60683578 34.18 292.377337   5.491864 25.319
 69    64.050 54634.60683643 31.76 292.376607   5.488564 25.319
 69    64.095 54634.60683707 34.20 292.375877   5.485254 25.319
 69    64.208 54634.60683772 37.33 292.375147   5.481944 25.319
 69    64.435 54634.60683836 38.65 292.374417   5.478644 25.319
 69    64.556 54634.60683900 40.66 292.373677   5.475334 25.319
 69    64.708 54634.60683965 42.34 292.372947   5.472034 25.319
 69    64.847 54634.60684029 44.68 292.372217   5.468724 25.319
 69    64.868 54634.60684094 45.98 292.371487   5.465424 25.319
 69    64.853 54634.60684158 48.32 292.370757   5.462114 25.319
 70    66.687 54669.60683742 33.48 292.380601   5.505633 18.289
 70    66.643 54669.60683807 36.56 292.379865   5.502338 21.610
 70    66.813 54669.60683871 37.48 292.379135   5.499028 21.610
 70    66.682 54669.60683936 35.35 292.378405   5.495718 21.610
 70    66.505 54669.60684000 34.50 292.377675   5.492418 21.610
 70    66.484 54669.60684065 34.77 292.376945   5.489108 21.610
 70    66.496 54669.60684129 36.05 292.376215   5.485808 21.610
 70    66.684 54669.60684194 35.24 292.375485   5.482498 21.610
 70    66.833 54669.60684258 35.73 292.374755   5.479188 21.610
 70    66.820 54669.60684322 34.41 292.374025   5.475888 21.610
 70    66.966 54669.60684387 34.67 292.373285   5.472578 21.610
 70    66.820 54669.60684451 32.47 292.372555   5.469278 21.610
 70    66.801 54669.60684516 29.38 292.371825   5.465968 21.610
 70    67.140 54669.60684580 28.29 292.371095   5.462668 21.610
 71    66.127 54704.60680110 34.45 292.382389   5.503022 19.643
 71    66.167 54704.60680175 35.75 292.381659   5.499712 19.643
 71    66.281 54704.60680239 35.21 292.380929   5.496412 19.643
 71    66.111 54704.60680304 34.82 292.380197   5.493097 24.132
 71    66.085 54704.60680368 34.00 292.379467   5.489797 24.132
 71    66.119 54704.60680432 36.60 292.378737   5.486487 24.132
 71    66.270 54704.60680497 38.48 292.378007   5.483187 24.132
 71    66.342 54704.60680561 42.98 292.377277   5.479877 24.132
 71    66.521 54704.60680626 43.54 292.376547   5.476577 24.132
 71    66.311 54704.60680690 41.45 292.375817   5.473267 24.132
 71    66.472 54704.60680755 41.73 292.375087   5.469957 24.132
 71    66.640 54704.60680819 45.86 292.374357   5.466657 24.132
 71    66.732 54704.60680884 49.76 292.373627   5.463347 24.132
 72    63.653 54739.60680063 40.21 292.382146   5.504678 30.587
 72    63.701 54739.60680127 43.23 292.381416   5.501368 30.587
 72    63.727 54739.60680192 43.43 292.380686   5.498068 30.587
 72    63.854 54739.60680256 43.47 292.379956   5.494758 30.587
 72    63.752 54739.60680321 44.80 292.379226   5.491448 30.587
 72    63.755 54739.60680385 46.32 292.378496   5.488148 30.587
 72    63.811 54739.60680450 45.64 292.377766   5.484838 30.587
 72    63.893 54739.60680514 43.74 292.377036   5.481538 30.587
 72    63.939 54739.60680579 45.24 292.376306   5.478228 30.587
 72    64.010 54739.60680643 44.55 292.375566   5.474928 30.587
 72    64.037 54739.60680708 44.07 292.374836   5.471618 30.587
 72    64.090 54739.60680772 47.78 292.374106   5.468318 30.587
 72    64.173 54739.60680837 49.31 292.373376   5.465008 30.587
 72    64.242 54739.60680901 50.39 292.372646   5.461708 30.587
 73    62.692 54774.60678293 39.61 292.382092   5.502609 21.513
 73    62.653 54774.60678358 44.75 292.381358   5.499295 29.620
 73    62.700 54774.60678422 43.23 292.380628   5.495995 29.620
 73    62.827 54774.60678487 46.82 292.379898   5.492685 29.620
 73    62.683 54774.60678551 45.31 292.379168   5.489385 29.620
 73    62.753 54774.60678616 46.86 292.378438   5.486075 29.620
 73    62.838 54774.60678680 45.18 292.377708   5.482775 29.620
 73    62.875 54774.60678745 45.84 292.376978   5.479465 29.620
 73    62.858 54774.60678809 46.98 292.376248   5.476155 29.620
 73    62.861 54774.60678874 45.44 292.375518   5.472855 29.620
 73    62.998 54774.60678938 46.26 292.374778   5.469545 29.620
 73    63.077 54774.60679002 50.54 292.374058   5.466245 29.620
 73    63.128 54774.60679067 50.96 292.373318   5.462935 29.620
 74    62.580 54809.60679397 40.49 292.381534   5.503796 28.655
 74    62.718 54809.60679462 44.42 292.380804   5.500486 28.655
 74    62.668 54809.60679526 40.67 292.380074   5.497186 28.655
 74    62.643 54809.60679591 41.65 292.379344   5.493876 28.655
 74    62.692 54809.60679655 40.08 292.378614   5.490576 28.655
 74    62.735 54809.60679720 39.42 292.377884   5.487266 28.655
 74    62.794 54809.60679784 37.75 292.377154   5.483956 28.655
 74    62.812 54809.60679849 37.35 292.376424   5.480656 28.655
 74    62.858 54809.60679913 39.46 292.375684   5.477346 28.655
 74    62.860 54809.60679977 41.24 292.374954   5.474046 28.655
 74    62.935 54809.60680042 36.77 292.374224   5.470736 28.655
 74    62.965 54809.60680106 35.54 292.373494   5.467436 28.655
 74    62.954 54809.60680171 37.39 292.372764   5.464126 28.655
 74    63.010 54809.60680235 34.02 292.372034   5.460816 28.655
 75    59.099 54844.60678096 32.42 292.381255   5.503642 18.555
 75    59.290 54844.60678161 33.22 292.380521   5.500328 19.534
 75    59.414 54844.60678225 34.99 292.379791   5.497028 19.534
 75    59.225 54844.60678289 32.57 292.379061   5.493718 19.534
 75    59.317 54844.60678354 32.29 292.378331   5.490418 19.534
 75    59.256 54844.60678418 28.20 292.377601   5.487108 19.534
 75    59.016 54844.60678483 29.56 292.376871   5.483808 19.534
 75    59.288 54844.60678547 27.96 292.376141   5.480498 19.534
 75    59.535 54844.60678612 35.81 292.375411   5.477188 19.534
 75    59.540 54844.60678676 33.30 292.374681   5.473888 19.534
 75    59.607 54844.60678741 30.79 292.373941   5.470578 19.534
 75    59.460 54844.60678805 27.13 292.373211   5.467278 19.534
 75    59.323 54844.60678870 21.19 292.372481   5.463968 19.534
 75    61.230 54844.60678934 19.62 292.371751   5.460668 19.534
 76    57.878 54879.60679754 36.09 292.380388   5.505219 30.504
 76    57.935 54879.60679818 39.00 292.379658   5.501919 30.504
 76    57.941 54879.60679883 43.15 292.378928   5.498609 30.504
 76    57.920 54879.60679947 42.22 292.378198   5.495299 30.504
 76    58.030 54879.60680012 41.47 292.377468   5.491999 30.504
 76    58.119 54879.60680076 41.09 292.376738   5.488689 30.504
 76    58.161 54879.60680141 42.97 292.376008   5.485389 30.504
 76    58.246 54879.60680205 41.96 292.375268   5.482079 30.504
 76    58.208 54879.60680270 39.57 292.374538   5.478779 30.504
 76    58.270 54879.60680334 42.16 292.373808   5.475469 30.504
 76    58.255 54879.60680399 38.45 292.373078   5.472169 30.504
 76    58.047 54879.60680463 32.07 292.372348   5.468859 30.504
 76    58.439 54879.60680527 27.63 292.371618   5.465559 30.504
 76    58.294 54879.60680592 24.67 292.370888   5.462249 30.504
 77    57.548 54914.60678453 39.84 292.379253   5.504766 29.733
 77    57.619 54914.60678517 39.27 292.378523   5.501456 29.733
 77    57.658 54914.60678582 40.62 292.377792   5.498159 27.641
 77    57.575 54914.60678646 44.26 292.377062   5.494849 27.641
 77    57.687 54914.60678711 46.99 292.376332   5.491539 27.641
 77    57.863 54914.60678775 48.10 292.375602   5.488239 27.641
 77    57.895 54914.60678840 52.33 292.374872   5.484929 27.641
 77    57.770 54914.60678904 45.71 292.374142   5.481629 27.641
 77    57.880 54914.60678969 44.32 292.373412   5.478319 27.641
 77    57.862 54914.60679033 40.62 292.372682   5.475009 27.641
 77    57.817 54914.60679098 43.39 292.371952   5.471709 27.641
 77    57.805 54914.60679162 42.18 292.371212   5.468399 27.641
 77    57.967 54914.60679227 42.54 292.370482   5.465099 27.641
 77    57.993 54914.60679291 43.87 292.369752   5.461789 27.641
 79    60.813 54984.60681482 37.75 292.379522   5.504138 20.576
 79    60.889 54984.60681547 37.50 292.378792   5.500828 20.576
 79    60.888 54984.60681611 38.80 292.378062   5.497528 20.576
 79    61.034 54984.60681675 39.57 292.377332   5.494218 20.576
 79    60.934 54984.60681740 39.54 292.376602   5.490908 20.576
 79    60.821 54984.60681804 36.73 292.375872   5.487608 20.576
 79    60.693 54984.60681869 36.80 292.375142   5.484298 20.576
 79    60.892 54984.60681933 37.45 292.374412   5.480998 20.576
 79    60.964 54984.60681998 37.83 292.373682   5.477688 20.576
 79    61.042 54984.60682062 38.83 292.372952   5.474388 20.576
 79    61.121 54984.60682127 38.91 292.372212   5.471078 20.576
 79    61.284 54984.60682191 36.48 292.371482   5.467778 20.576
 79    61.311 54984.60682256 33.73 292.370752   5.464468 20.576
 79    61.343 54984.60682320 37.02 292.370022   5.461158 20.576
 80    65.185 55019.60681046 40.44 292.382294   5.503694 17.258
 80    65.248 55019.60681111 44.67 292.381558   5.500380 24.401
 80    65.227 55019.60681175 43.89 292.380828   5.497080 24.401
 80    65.352 55019.60681240 42.51 292.380098   5.493770 24.401
 80    65.254 55019.60681304 41.86 292.379368   5.490470 24.401
 80    65.230 55019.60681369 39.70 292.378638   5.487160 24.401
 80    65.312 55019.60681433 39.91 292.377908   5.483860 24.401
 80    65.341 55019.60681498 41.21 292.377178   5.480550 24.401
 80    65.371 55019.60681562 41.07 292.376448   5.477240 24.401
 80    65.400 55019.60681627 41.57 292.375718   5.473940 24.401
 80    65.518 55019.60681691 44.18 292.374978   5.470630 24.401
 80    65.616 55019.60681756 45.77 292.374258   5.467330 24.401
 80    65.715 55019.60681820 49.23 292.373518   5.464020 24.401
 80    65.796 55019.60681884 50.61 292.372788   5.460720 24.401
 81    66.056 55054.60680653 39.28 292.382187   5.502892 21.491
 81    66.160 55054.60680718 42.72 292.381452   5.499587 24.029
 81    66.161 55054.60680782 39.17 292.380722   5.496277 24.029
 81    66.081 55054.60680847 37.08 292.379992   5.492967 24.029
 81    65.946 55054.60680911 37.07 292.379262   5.489667 24.029
 81    65.976 55054.60680976 38.08 292.378532   5.486357 24.029
 81    66.115 55054.60681040 41.39 292.377802   5.483057 24.029
 81    66.247 55054.60681105 42.40 292.377072   5.479747 24.029
 81    66.320 55054.60681169 41.28 292.376342   5.476437 24.029
 81    66.363 55054.60681234 39.56 292.375612   5.473137 24.029
 81    66.451 55054.60681298 39.50 292.374872   5.469827 24.029
 81    66.512 55054.60681363 39.30 292.374152   5.466527 24.029
 81    66.597 55054.60681427 38.19 292.373412   5.463217 24.029
 82    64.192 55089.60676672 38.67 292.380465   5.504772 22.477
 82    64.310 55089.60676736 43.03 292.379735   5.501462 22.477
 82    64.223 55089.60676801 43.73 292.379005   5.498162 22.477
 82    64.226 55089.60676865 42.59 292.378274   5.494849 23.889
 82    64.300 55089.60676930 41.80 292.377544   5.491549 23.889
 82    64.411 55089.60676994 40.58 292.376814   5.488239 23.889
 82    64.452 55089.60677059 41.73 292.376084   5.484939 23.889
 82    64.409 55089.60677123 40.95 292.375354   5.481629 23.889
 82    64.390 55089.60677187 41.97 292.374624   5.478319 23.889
 82    64.533 55089.60677252 44.11 292.373894   5.475019 23.889
 82    64.666 55089.60677316 43.67 292.373164   5.471709 23.889
 82    64.758 55089.60677381 46.36 292.372434   5.468409 23.889
 82    64.824 55089.60677445 49.13 292.371694   5.465099 23.889
 82    64.804 55089.60677510 52.37 292.370964   5.461799 23.889
 83    62.370 55124.60674464 41.44 292.382246   5.502882 34.942
 83    62.489 55124.60674529 43.81 292.381516   5.499582 34.942
 83    62.533 55124.60674593 43.38 292.380786   5.496272 34.942
 83    62.526 55124.60674658 47.22 292.380056   5.492972 34.942
 83    62.438 55124.60674722 48.67 292.379326   5.489662 34.942
 83    62.528 55124.60674787 47.46 292.378596   5.486352 34.942
 83    62.612 55124.60674851 47.68 292.377866   5.483052 34.942
 83    62.618 55124.60674916 46.74 292.377126   5.479742 34.942
 83    62.596 55124.60674980 46.62 292.376396   5.476442 34.942
 83    62.496 55124.60675045 45.70 292.375666   5.473132 34.942
 83    62.661 55124.60675109 48.99 292.374936   5.469832 34.942
 83    62.774 55124.60675174 51.99 292.374206   5.466522 34.942
 83    62.727 55124.60675238 53.16 292.373476   5.463212 34.942
 84    59.207 55159.60672755 38.91 292.380692   5.505854 28.620
 84    59.262 55159.60672820 39.37 292.379962   5.502544 28.620
 84    59.316 55159.60672884 45.00 292.379232   5.499234 28.620
 84    59.376 55159.60672948 43.38 292.378498   5.495938 29.915
 84    59.444 55159.60673013 41.65 292.377768   5.492628 29.915
 84    59.447 55159.60673077 42.18 292.377038   5.489318 29.915
 84    59.515 55159.60673142 42.91 292.376308   5.486018 29.915
 84    59.576 55159.60673206 39.80 292.375578   5.482708 29.915
 84    59.516 55159.60673271 36.32 292.374848   5.479408 29.915
 84    59.510 55159.60673335 37.09 292.374118   5.476098 29.915
 84    59.518 55159.60673400 40.48 292.373388   5.472788 29.915
 84    59.630 55159.60673464 44.18 292.372658   5.469488 29.915
 84    59.737 55159.60673529 47.26 292.371918   5.466178 29.915
 84    59.689 55159.60673593 49.94 292.371198   5.462878 29.915
 85    57.128 55194.60673428 31.34 292.381655   5.504105 27.049
 85    57.046 55194.60673493 35.10 292.380925   5.500795 27.049
 85    57.070 55194.60673557 36.39 292.380195   5.497495 27.049
 85    57.100 55194.60673622 36.00 292.379465   5.494185 27.049
 85    57.191 55194.60673686 38.89 292.378735   5.490885 27.049
 85    57.209 55194.60673751 34.46 292.378005   5.487575 27.049
 85    57.254 55194.60673815 32.39 292.377275   5.484265 27.049
 85    57.259 55194.60673880 32.67 292.376545   5.480965 27.049
 85    57.307 55194.60673944 33.36 292.375805   5.477655 27.049
 85    57.395 55194.60674009 36.46 292.375075   5.474355 27.049
 85    57.440 55194.60674073 32.13 292.374345   5.471045 27.049
 85    57.450 55194.60674137 31.55 292.373615   5.467745 27.049
 85    57.481 55194.60674202 31.10 292.372885   5.464435 27.049
 85    57.504 55194.60674266 26.18 292.372155   5.461135 27.049
 86    55.019 55229.60673038 38.17 292.380204   5.505326 24.289
 86    55.087 55229.60673102 37.51 292.379472   5.502012 33.988
 86    55.056 55229.60673167 39.34 292.378742   5.498712 33.988
 86    55.166 55229.60673231 41.26 292.378012   5.495402 33.988
 86    55.250 55229.60673296 42.84 292.377282   5.492102 33.988
 86    55.273 55229.60673360 45.37 292.376552   5.488792 33.988
 86    55.273 55229.60673425 47.07 292.375822   5.485492 33.988
 86    55.347 55229.60673489 49.85 292.375092   5.482182 33.988
 86    55.445 55229.60673554 47.61 292.374362   5.478872 33.988
 86    55.426 55229.60673618 45.24 292.373632   5.475572 33.988
 86    55.497 55229.60673682 49.24 292.372892   5.472262 33.988
 86    55.516 55229.60673747 46.59 292.372172   5.468962 33.988
 86    55.597 55229.60673811 48.33 292.371432   5.465652 33.988
 86    55.687 55229.60673876 47.62 292.370702   5.462352 33.988
 87    54.974 55264.60672926 40.82 292.382455   5.505421 36.411
 87    55.207 55264.60672991 41.52 292.381725   5.502111 36.411
 87    55.141 55264.60673055 41.94 292.380995   5.498811 36.411
 87    55.290 55264.60673120 46.24 292.380265   5.495501 36.411
 87    55.366 55264.60673184 48.04 292.379535   5.492191 36.411
 87    55.377 55264.60673249 50.02 292.378805   5.488891 36.411
 87    55.326 55264.60673313 53.95 292.378075   5.485581 36.411
 87    55.404 55264.60673378 46.67 292.377345   5.482281 36.411
 87    55.496 55264.60673442 47.60 292.376605   5.478971 36.411
 87    55.465 55264.60673506 45.65 292.375875   5.475671 36.411
 87    55.373 55264.60673571 44.76 292.375145   5.472361 36.411
 87    55.535 55264.60673635 49.83 292.374415   5.469061 36.411
 87    55.546 55264.60673700 44.90 292.373685   5.465751 36.411
 87    55.602 55264.60673764 44.66 292.372955   5.462441 36.411
 88    58.205 55299.60671210 25.88 292.382060   5.505399 13.945
 88    58.115 55299.60671275 26.62 292.381330   5.502099 13.945
 88    57.969 55299.60671339 27.91 292.380600   5.498789 13.945
 88    57.819 55299.60671404 31.33 292.379870   5.495479 13.945
 88    57.907 55299.60671468 30.82 292.379139   5.492183 12.914
 88    57.956 55299.60671533 30.61 292.378409   5.488873 12.914
 88    57.758 55299.60671597 26.22 292.377679   5.485563 12.914
 88    57.612 55299.60671662 26.71 292.376949   5.482263 12.914
 88    58.067 55299.60671726 23.87 292.376219   5.478953 12.914
 88    58.117 55299.60671791 30.63 292.375489   5.475653 12.914
 88    58.121 55299.60671855 30.29 292.374759   5.472343 12.914
 89    64.009 55334.60670655 37.41 292.380530   5.504554 17.412
 89    63.982 55334.60670720 43.41 292.379795   5.501241 25.013
 89    64.021 55334.60670784 41.99 292.379065   5.497941 25.013
 89    64.098 55334.60670849 40.32 292.378335   5.494631 25.013
 89    64.139 55334.60670913 40.05 292.377605   5.491331 25.013
 89    64.181 55334.60670977 40.76 292.376875   5.488021 25.013
 89    64.139 55334.60671042 40.44 292.376145   5.484711 25.013
 89    64.178 55334.60671106 41.06 292.375415   5.481411 25.013
 89    64.257 55334.60671171 40.49 292.374685   5.478101 25.013
 89    64.294 55334.60671235 41.55 292.373955   5.474801 25.013
 89    64.377 55334.60671300 37.92 292.373225   5.471491 25.013
 89    64.444 55334.60671364 39.58 292.372495   5.468191 25.013
 89    64.492 55334.60671429 43.37 292.371755   5.464881 25.013
 89    64.563 55334.60671493 47.52 292.371025   5.461581 25.013
 90    65.428 55369.60669773 38.57 292.382106   5.504452 17.147
 90    65.415 55369.60669837 42.35 292.381371   5.501138 24.254
 90    65.507 55369.60669902 42.23 292.380641   5.497838 24.254
 90    65.569 55369.60669966 41.46 292.379911   5.494528 24.254
 90    65.444 55369.60670031 39.63 292.379181   5.491228 24.254
 90    65.418 55369.60670095 38.39 292.378451   5.487918 24.254
 90    65.481 55369.60670160 39.19 292.377721   5.484618 24.254
 90    65.530 55369.60670224 40.73 292.376991   5.481308 24.254
 90    65.630 55369.60670289 40.34 292.376261   5.477998 24.254
 90    65.710 55369.60670353 39.73 292.375531   5.474698 24.254
 90    65.748 55369.60670418 38.68 292.374801   5.471388 24.254
 90    65.820 55369.60670482 41.07 292.374061   5.468088 24.254
 90    65.886 55369.60670547 41.44 292.373331   5.464778 24.254
 90    65.966 55369.60670611 44.42 292.372601   5.461478 24.254
 91    66.125 55404.60671480 39.06 292.382547   5.503189 21.974
 91    66.036 55404.60671544 41.68 292.381817   5.499879 21.974
 91    66.201 55404.60671609 38.97 292.381087   5.496569 21.974
 91    66.169 55404.60671673 36.33 292.380357   5.493269 21.974
 91    65.960 55404.60671737 35.90 292.379627   5.489959 21.974
 91    66.028 55404.60671802 37.23 292.378897   5.486659 21.974
 91    66.184 55404.60671866 39.01 292.378167   5.483349 21.974
 91    66.342 55404.60671931 41.37 292.377437   5.480039 21.974
 91    66.355 55404.60671995 40.27 292.376707   5.476739 21.974
 91    66.227 55404.60672060 39.66 292.375977   5.473429 21.974
 91    66.309 55404.60672124 39.27 292.375247   5.470129 21.974
 91    66.446 55404.60672189 39.44 292.374507   5.466819 21.974
 91    66.537 55404.60672253 41.31 292.373777   5.463519 21.974
 92    66.239 55439.60671623 40.81 292.382234   5.502380 22.027
 92    66.241 55439.60671687 41.15 292.381499   5.499066 23.334
 92    66.221 55439.60671751 37.29 292.380769   5.495766 23.334
 92    66.256 55439.60671816 35.21 292.380039   5.492456 23.334
 92    66.057 55439.60671880 34.24 292.379309   5.489156 23.334
 92    66.107 55439.60671945 33.76 292.378579   5.485846 23.334
 92    66.189 55439.60672009 35.63 292.377849   5.482536 23.334
 92    66.303 55439.60672074 36.87 292.377119   5.479236 23.334
 92    66.381 55439.60672138 37.71 292.376389   5.475926 23.334
 92    66.430 55439.60672203 32.53 292.375659   5.472626 23.334
 92    66.376 55439.60672267 31.34 292.374929   5.469316 23.334
 92    66.334 55439.60672332 30.38 292.374199   5.466016 23.334
 92    66.659 55439.60672396 29.73 292.373459   5.462706 23.334
 93    62.921 55474.60666188 40.14 292.382161   5.505316 22.517
 93    62.980 55474.60666252 44.60 292.381431   5.502016 22.517
 93    63.001 55474.60666317 43.65 292.380701   5.498706 22.517
 93    63.120 55474.60666381 41.91 292.379971   5.495406 22.517
 93    63.103 55474.60666446 45.27 292.379240   5.492092 24.318
 93    63.139 55474.60666510 46.89 292.378510   5.488792 24.318
 93    63.077 55474.60666575 45.47 292.377780   5.485482 24.318
 93    63.101 55474.60666639 46.37 292.377050   5.482182 24.318
 93    63.172 55474.60666704 45.51 292.376320   5.478872 24.318
 93    63.256 55474.60666768 45.08 292.375590   5.475562 24.318
 93    63.276 55474.60666833 43.98 292.374860   5.472262 24.318
 93    63.374 55474.60666897 46.83 292.374130   5.468952 24.318
 93    63.455 55474.60666962 51.26 292.373400   5.465652 24.318
 93    63.511 55474.60667026 52.07 292.372670   5.462342 24.318
