#    0.000   0.000   0.000 ;Mean Elev.(m), Avg Gradient(m/km), RMS Gradient(m/km) - SRTM1     
# NaN NaN NaN ;Mean Elev.(m), Avg Gradient(m/km), RMS Gradient(m/km) - ASTER GDEM
#    8.147  -0.512  17.795 ;Mean Elev.(m), Avg Gradient(m/km), RMS Gradient(m/km) - GMTED2010 
  7 298.581917   8.595084     2.283     2.245  8 52445.08373520 20.347
  8 298.587872   8.595339     3.701     3.678  9 52480.08372755 28.664
  9 298.599047   8.595526     3.887     3.821 10 52515.08367550 26.325
 11 298.599775   8.595965     2.185     2.166 11 52585.08370090 17.785
 12 298.590623   8.596574     1.231     0.920  9 52620.08368136 21.021
 14 298.593022   8.596268     1.060     1.029 10 52690.08366413 18.200
 15 298.593487   8.595682    -0.038    -0.060 10 52725.08370770 18.436
 16 298.582151   8.595250     1.015     1.010  8 52760.08372611 21.007
 17 298.596652   8.595006     2.072     2.047 11 52795.08368223 20.218
 18 298.598000   8.596410     3.207     3.227 11 52830.08374922 51.019
 19 298.600670   8.595389     4.184     4.183 11 52865.08379311 49.527
 20 298.591257   8.596365     3.666     3.721 10 52900.08382246 33.514
 21 298.590843   8.597158     2.920     2.871 10 52935.08376531 28.165
 22 298.591630   8.596658     2.744     2.655 10 52970.08378338 28.538
 23 298.586434   8.595705     1.652     1.619  9 53005.08380013 23.576
 24 298.588269   8.595830     1.006     0.937  9 53040.08375038 21.526
 25 298.589552   8.595875     0.060    -0.242 10 53075.08378187 28.895
 26 298.585441   8.596490     0.408     0.254  9 53110.08375205 20.347
 27 298.589858   8.595511     1.718     1.705 10 53145.08379380 34.545
 28 298.595849   8.596290     2.760     2.792 10 53180.08380610 20.452
 29 298.590777   8.595284     3.665     3.508 10 53215.08382796 37.785
 30 298.593230   8.594668     4.116     4.107 10 53250.08379839 30.126
 31 298.586251   8.597205     3.464     3.385  9 53285.08379596 25.647
 32 298.599412   8.596594     2.442     2.432 11 53320.08377958 18.237
 33 298.599223   8.596594     2.029     1.997 11 53355.08374768 44.006
 34 298.590626   8.596308     0.642     0.460 10 53390.08375498 32.050
 35 298.598505   8.595574     0.421     0.292 10 53425.08375236 24.054
 36 298.597933   8.595307     0.467     0.712 11 53460.08375768 23.601
 37 298.584554   8.596697     1.796     1.778  9 53495.08384337 46.215
 38 298.598654   8.595856     2.643     2.642 11 53530.08381832 49.925
 39 298.586549   8.596447     3.412     3.403  8 53565.08384845 46.554
 40 298.595809   8.596461     3.668     3.688 10 53600.08379038 41.259
 41 298.588039   8.595723     3.170     3.116  9 53635.08378726 25.658
 42 298.587137   8.596325     2.092     1.953  9 53670.08380861 23.484
 43 298.599846   8.595527     2.288     2.272 12 53705.08374395 18.318
 44 298.599454   8.594762     1.190     1.263 11 53740.08365499 31.079
 45 298.598277   8.595703     0.744     0.676 11 53775.08367561 24.020
 46 298.596783   8.596659     1.145     1.060 11 53810.08365818 19.289
 47 298.589430   8.596345     1.075     0.902  9 53845.08370217 19.470
 48 298.596307   8.596057     1.945     1.915 11 53880.08372953 20.741
 49 298.585405   8.595986     2.638     2.688  8 53915.08378703 25.777
 50 298.583589   8.597095     3.978     4.101  8 53950.08379676 28.037
 51 298.593194   8.597146     3.997     3.953 10 53985.08373350 28.185
 52 298.593628   8.594717     2.815     2.826 10 54020.08377038 24.392
 53 298.601937   8.594594     2.024     2.017 11 54055.08376085 35.252
 54 298.595318   8.595331     1.848     1.878 11 54090.08374907 26.149
 55 298.593328   8.595710     0.930     0.805 10 54125.08367676 24.343
 57 298.592844   8.596710     1.002     0.974 10 54195.08367833 17.553
 58 298.592864   8.596099     0.967     0.925 10 54230.08372929 22.060
 59 298.593558   8.595646     2.206     2.221 10 54265.08374730 40.886
 61 298.594266   8.596703     4.217     4.322 10 54335.08374054 37.964
 63 298.593153   8.596119     3.121     3.149 10 54405.08368455 41.538
 64 298.592410   8.596287     1.822     1.904 10 54440.08364208 38.409
 65 298.594776   8.595852     1.984     1.932 10 54475.08367148 19.680
 66 298.592842   8.597094     1.266     1.409 10 54510.08365621 23.187
 67 298.594260   8.594829     0.296    -0.051 10 54545.08368555 34.277
 68 298.594362   8.595513     1.096     1.136 10 54580.08365330 24.586
 69 298.594486   8.595675     1.153     1.141 10 54615.08367575 33.762
 70 298.591257   8.596434     2.736     2.712 10 54650.08368735 35.556
 71 298.593761   8.594692     3.613     3.727 10 54685.08368148 23.571
 72 298.593259   8.597199     3.718     3.828 10 54720.08363183 34.159
 73 298.592898   8.596097     3.252     3.260 10 54755.08365570 24.650
 74 298.591633   8.595770     2.204     2.111  9 54790.08362437 29.764
 75 298.593612   8.595238     2.428     2.448 10 54825.08365156 42.282
 76 298.593373   8.597100     1.488     1.541 10 54860.08361835 29.559
 77 298.592179   8.596227     1.180     1.007 10 54895.08365276 34.963
 78 298.591188   8.595657     1.478     1.310  9 54930.08361652 25.181
 79 298.592070   8.597514     1.478     1.364 10 54965.08365403 23.215
 80 298.590392   8.595730     1.349     1.236  9 55000.08367372 33.938
 82 298.594139   8.594494     3.408     3.525 10 55070.08364900 32.983
 83 298.591372   8.595157     2.909     2.928 10 55105.08359065 27.099
 84 298.593327   8.596055     2.200     2.246 10 55140.08359673 34.679
 85 298.594057   8.594924     1.125     1.062 10 55175.08355722 32.628
 86 298.593024   8.595830     0.226     0.458 10 55210.08359240 43.244
 87 298.592042   8.596901     0.335     0.755 10 55245.08356405 42.822
 88 298.592726   8.596594     0.058     0.109 10 55280.08358594 37.115
 89 298.592067   8.596415     1.585     1.586 10 55315.08355203 25.738
 90 298.593933   8.594623     2.256     2.261 10 55350.08355741 35.958
 91 298.591564   8.595026     3.661     3.701 10 55385.08355056 44.126
 92 298.593974   8.595564     4.106     4.242 10 55420.08357602 33.595
 93 298.594198   8.595786     4.369     4.359 10 55455.08355330 45.233
