#    0.000   0.000   0.000 ;Mean Elev.(m), Avg Gradient(m/km), RMS Gradient(m/km) - SRTM1     
#    0.000   0.000   0.000 ;Mean Elev.(m), Avg Gradient(m/km), RMS Gradient(m/km) - ASTER GDEM
#   39.559  -1.269   3.880 ;Mean Elev.(m), Avg Gradient(m/km), RMS Gradient(m/km) - GMTED2010 
  8    48.745 52499.60671747 37.61 292.533753   6.192254 30.655
  8    48.679 52499.60671812 37.24 292.533023   6.188954 30.655
  8    48.470 52499.60671876 40.13 292.532293   6.185644 30.655
  8    48.629 52499.60671941 43.59 292.531563   6.182344 30.655
  8    48.811 52499.60672005 43.37 292.530833   6.179034 30.655
  8    48.906 52499.60672070 47.22 292.530093   6.175724 30.655
  8    48.821 52499.60672134 48.33 292.529363   6.172424 30.655
  8    48.888 52499.60672199 48.72 292.528633   6.169114 30.655
  9    47.324 52534.60670612 37.87 292.530452   6.187399 29.125
  9    47.399 52534.60670676 41.44 292.529712   6.184099 29.125
  9    47.500 52534.60670741 44.88 292.528982   6.180789 29.125
  9    47.418 52534.60670805 49.76 292.528252   6.177479 29.125
  9    47.494 52534.60670870 47.56 292.527522   6.174179 29.125
  9    47.415 52534.60670934 50.29 292.526782   6.170869 29.125
  9    47.444 52534.60670999 49.79 292.526052   6.167569 29.125
  9    47.575 52534.60671063 48.34 292.525323   6.164258 39.064
 10    42.540 52569.60673475 35.42 292.534361   6.193392 19.052
 10    44.117 52569.60673539 27.98 292.533621   6.190092 19.052
 10    43.624 52569.60673603 28.21 292.532891   6.186782 19.052
 10    42.327 52569.60673668 28.43 292.532161   6.183482 19.052
 10    42.351 52569.60673732 30.48 292.531431   6.180172 19.052
 10    42.363 52569.60673797 32.86 292.530691   6.176862 19.052
 10    42.412 52569.60673861 32.96 292.529961   6.173562 19.052
 10    42.431 52569.60673926 34.35 292.529231   6.170252 19.052
 11    44.232 52604.60671745 24.28 292.530241   6.186645 14.318
 11    46.284 52604.60671810 20.55 292.529501   6.183335 14.318
 11    45.924 52604.60671874 19.32 292.528771   6.180035 14.318
 11    43.999 52604.60671939 17.82 292.528041   6.176725 14.318
 11    44.571 52604.60672003 17.59 292.527311   6.173425 14.318
 11    45.046 52604.60672068 18.27 292.526581   6.170115 14.318
 11    45.111 52604.60672132 20.05 292.525851   6.166815 14.318
 12    43.912 52639.60669955 22.56 292.530775   6.187608 17.448
 12    43.384 52639.60670019 21.23 292.530045   6.184308 17.448
 12    39.621 52639.60670084 20.92 292.529305   6.180998 17.448
 12    39.945 52639.60670148 21.01 292.528575   6.177688 17.448
 12    40.046 52639.60670213 23.40 292.527845   6.174388 17.448
 12    39.980 52639.60670277 31.59 292.527115   6.171078 17.448
 12    39.988 52639.60670342 37.15 292.526375   6.167778 17.448
 13    36.680 52674.60669442 39.05 292.532285   6.188783 17.501
 13    36.455 52674.60669507 32.79 292.531555   6.185483 17.501
 13    36.235 52674.60669571 29.84 292.530825   6.182173 17.501
 13    36.504 52674.60669636 27.70 292.530085   6.178873 17.501
 13    36.590 52674.60669700 38.51 292.529355   6.175563 17.501
 13    36.906 52674.60669765 32.61 292.528625   6.172263 17.501
 13    38.363 52674.60669829 24.53 292.527895   6.168953 17.501
 14    35.775 52709.60671041 25.39 292.532770   6.191276 12.646
 14    35.301 52709.60671106 26.20 292.532030   6.187966 12.646
 14    35.278 52709.60671170 23.24 292.531300   6.184656 12.646
 14    36.028 52709.60671235 21.61 292.530570   6.181356 12.646
 14    36.112 52709.60671299 25.38 292.529840   6.178046 12.646
 14    35.955 52709.60671364 31.97 292.529100   6.174746 12.646
 14    36.824 52709.60671428 27.01 292.528375   6.171436 27.543
 14    38.387 52709.60671493 22.26 292.527635   6.168136 27.543
 16    44.410 52779.60667492 30.94 292.532149   6.190216 17.744
 16    43.976 52779.60667557 30.73 292.531419   6.186916 17.744
 16    44.062 52779.60667621 30.46 292.530689   6.183606 17.744
 16    43.946 52779.60667686 31.41 292.529949   6.180306 17.744
 16    44.100 52779.60667750 31.82 292.529219   6.176996 17.744
 16    44.097 52779.60667815 32.48 292.528489   6.173686 17.744
 16    44.050 52779.60667879 33.70 292.527759   6.170386 17.744
 16    44.075 52779.60667944 35.08 292.527019   6.167076 17.744
 17    46.374 52814.60675981 26.60 292.529257   6.184549 27.199
 17    46.267 52814.60676045 23.70 292.528527   6.181239 27.199
 17    46.359 52814.60676110 20.76 292.527797   6.177939 27.199
 17    46.206 52814.60676174 22.08 292.527067   6.174629 27.199
 17    46.119 52814.60676239 22.84 292.526327   6.171329 27.199
 17    45.815 52814.60676303 23.95 292.525600   6.168018 20.338
 17    45.828 52814.60676368 24.54 292.524860   6.164718 20.338
 18    48.796 52849.60681087 33.64 292.533667   6.192301 23.064
 18    48.646 52849.60681152 33.00 292.532937   6.189001 23.064
 18    48.492 52849.60681216 33.54 292.532207   6.185691 23.064
 18    48.399 52849.60681281 35.88 292.531467   6.182391 23.064
 18    48.512 52849.60681345 36.88 292.530737   6.179081 23.064
 18    48.575 52849.60681410 38.48 292.530007   6.175771 23.064
 18    48.765 52849.60681474 42.13 292.529277   6.172471 23.064
 18    48.819 52849.60681539 45.01 292.528537   6.169161 23.064
 19    48.343 52884.60684789 30.04 292.528162   6.184453 21.503
 19    48.098 52884.60684854 26.94 292.527432   6.181153 21.503
 19    48.169 52884.60684918 26.82 292.526692   6.177843 21.503
 19    47.969 52884.60684983 28.64 292.525962   6.174533 21.503
 19    47.826 52884.60685047 29.00 292.525232   6.171233 21.503
 19    47.908 52884.60685112 31.08 292.524502   6.167923 21.503
 19    48.075 52884.60685176 33.04 292.523762   6.164623 21.503
 20    46.257 52919.60680256 30.60 292.533681   6.192540 19.158
 20    46.046 52919.60680321 28.84 292.532951   6.189230 19.158
 20    46.112 52919.60680385 29.28 292.532221   6.185930 19.158
 20    45.992 52919.60680449 28.81 292.531491   6.182620 19.158
 20    45.998 52919.60680514 29.60 292.530761   6.179310 19.158
 20    45.961 52919.60680578 30.91 292.530021   6.176010 19.158
 20    46.116 52919.60680643 31.79 292.529291   6.172700 19.158
 20    46.103 52919.60680707 33.14 292.528561   6.169400 19.158
 21    44.760 52954.60676450 34.62 292.540977   6.199973 15.838
 21    44.506 52954.60676515 33.80 292.540237   6.196673 15.838
 21    44.165 52954.60676579 32.64 292.539507   6.193363 15.838
 21    44.071 52954.60676644 31.53 292.538777   6.190063 15.838
 21    44.544 52954.60676708 30.82 292.538047   6.186753 15.838
 21    44.769 52954.60676773 30.02 292.537307   6.183453 15.838
 21    44.711 52954.60676837 33.54 292.536577   6.180143 15.838
 21    44.942 52954.60676901 35.25 292.535847   6.176833 15.838
 22    46.889 52989.60677467 27.17 292.543642   6.199832  8.277
 22    41.792 52989.60677532 25.63 292.542912   6.196522  8.277
 22    41.610 52989.60677596 23.35 292.542182   6.193222  8.277
 22    41.521 52989.60677661 21.70 292.541442   6.189912  8.277
 22    41.675 52989.60677725 20.75 292.540712   6.186602  8.277
 22    41.402 52989.60677790 20.28 292.539982   6.183302  8.277
 22    41.641 52989.60677854 19.61 292.539252   6.179992  8.277
 22    44.235 52989.60677919 19.00 292.538512   6.176692  8.277
 23    46.319 53024.60675491 22.85 292.541984   6.198639 26.287
 23    38.835 53024.60675556 20.01 292.541254   6.195329 26.287
 23    42.457 53024.60675620 18.86 292.540524   6.192029 26.287
 23    42.577 53024.60675685 18.65 292.539794   6.188719 26.287
 23    42.412 53024.60675749 18.03 292.539054   6.185419 26.287
 23    38.846 53024.60675813 25.03 292.538324   6.182109 26.287
 23    38.891 53024.60675878 29.96 292.537594   6.178799 26.287
 24    36.223 53059.60675360 40.15 292.543687   6.197748 24.482
 24    36.037 53059.60675425 39.80 292.542957   6.194438 24.482
 24    35.657 53059.60675489 34.56 292.542227   6.191138 24.482
 24    35.712 53059.60675554 28.97 292.541497   6.187828 24.482
 24    36.083 53059.60675618 24.65 292.540757   6.184528 24.482
 24    36.367 53059.60675682 38.09 292.540027   6.181218 24.482
 24    36.626 53059.60675747 39.39 292.539297   6.177918 24.482
 25    36.161 53094.60679556 31.60 292.522325   6.175776 18.428
 25    36.551 53094.60679620 37.04 292.521595   6.172466 18.428
 25    36.619 53094.60679685 41.27 292.520865   6.169156 18.428
 25    36.575 53094.60679749 47.46 292.520135   6.165856 18.428
 25    36.891 53094.60679814 39.05 292.519395   6.162546 18.428
 25    36.263 53094.60679878 32.55 292.518665   6.159246 18.428
 25    36.161 53094.60679943 27.45 292.517935   6.155936 18.428
 26    40.938 53129.60676245 23.10 292.540890   6.197694 13.441
 26    40.800 53129.60676309 24.20 292.540150   6.194384 13.441
 26    40.755 53129.60676374 23.75 292.539420   6.191074 13.441
 26    40.832 53129.60676438 24.95 292.538690   6.187774 13.441
 26    40.818 53129.60676503 26.52 292.537960   6.184464 13.441
 26    40.772 53129.60676567 27.83 292.537220   6.181164 13.441
 26    40.717 53129.60676632 28.93 292.536490   6.177854 13.441
 28    48.539 53199.60683426 34.89 292.533580   6.192481 25.327
 28    48.616 53199.60683491 32.54 292.532850   6.189171 25.327
 28    48.359 53199.60683555 31.22 292.532110   6.185871 25.327
 28    48.264 53199.60683620 26.37 292.531380   6.182561 25.327
 28    48.104 53199.60683684 25.19 292.530650   6.179251 25.327
 28    48.295 53199.60683749 24.57 292.529920   6.175951 25.327
 28    48.488 53199.60683813 24.69 292.529190   6.172641 25.327
 28    48.705 53199.60683878 27.16 292.528450   6.169341 25.327
 29    48.171 53234.60680248 31.22 292.543426   6.200002 22.617
 29    47.770 53234.60680312 26.80 292.542696   6.196692 22.617
 29    47.352 53234.60680377 27.25 292.541966   6.193392 22.617
 29    47.660 53234.60680441 24.42 292.541236   6.190082 22.617
 29    47.581 53234.60680506 25.12 292.540496   6.186782 22.617
 29    47.768 53234.60680570 25.61 292.539766   6.183472 22.617
 29    47.936 53234.60680635 26.03 292.539036   6.180172 22.617
 29    48.206 53234.60680699 27.51 292.538306   6.176862 22.617
 30    46.921 53269.60676935 33.16 292.533406   6.191309 19.965
 30    46.725 53269.60677000 29.49 292.532666   6.188009 19.965
 30    46.707 53269.60677064 31.28 292.531936   6.184699 19.965
 30    46.697 53269.60677129 32.57 292.531206   6.181399 19.965
 30    46.566 53269.60677193 32.99 292.530476   6.178089 19.965
 30    46.712 53269.60677258 34.39 292.529736   6.174789 19.965
 30    46.765 53269.60677322 35.81 292.529006   6.171479 19.965
 30    46.798 53269.60677386 36.79 292.528276   6.168179 19.965
 31    44.162 53304.60683418 21.38 292.522921   6.176706 11.681
 31    44.753 53304.60683482 18.59 292.522191   6.173406 11.681
 31    45.079 53304.60683547 18.35 292.521461   6.170096 11.681
 31    45.506 53304.60683611 18.03 292.520731   6.166796 11.681
 31    45.659 53304.60683676 20.11 292.520001   6.163486 11.681
 31    45.839 53304.60683740 19.51 292.519261   6.160186 11.681
 31    45.721 53304.60683804 19.05 292.518531   6.156876 11.681
 32    44.272 53339.60680063 19.50 292.531411   6.187441 14.769
 32    46.916 53339.60680127 17.31 292.530681   6.184131 14.769
 32    46.660 53339.60680192 15.58 292.529951   6.180831 14.769
 32    45.875 53339.60680256 14.84 292.529221   6.177521 14.769
 32    44.404 53339.60680321 14.99 292.528481   6.174211 14.769
 32    44.910 53339.60680385 15.61 292.527751   6.170911 14.769
 32    45.006 53339.60680450 18.60 292.527021   6.167601 14.769
 33    43.692 53374.60673079 20.55 292.535904   6.193717 11.578
 33    43.840 53374.60673144 17.51 292.535174   6.190417 11.578
 33    43.611 53374.60673208 19.30 292.534440   6.187104 23.715
 33    39.243 53374.60673273 21.96 292.533710   6.183804 23.715
 33    39.442 53374.60673337 25.15 292.532980   6.180494 23.715
 33    39.580 53374.60673402 28.39 292.532250   6.177194 23.715
 33    39.659 53374.60673466 32.41 292.531510   6.173884 23.715
 33    39.600 53374.60673531 36.27 292.530780   6.170574 23.715
 34    37.640 53409.60677237 31.56 292.537947   6.198470  9.259
 34    37.635 53409.60677302 28.15 292.537207   6.195170  9.259
 34    37.004 53409.60677366 27.01 292.536483   6.191859 20.851
 34    36.978 53409.60677431 26.16 292.535743   6.188559 20.851
 34    37.325 53409.60677495 25.61 292.535013   6.185249 20.851
 34    37.327 53409.60677560 27.98 292.534283   6.181949 20.851
 34    37.486 53409.60677624 36.04 292.533553   6.178639 20.851
 34    37.851 53409.60677689 33.66 292.532813   6.175329 20.851
 34    38.767 53409.60677753 29.92 292.532083   6.172029 20.851
 35    43.292 53444.60675733 19.09 292.532519   6.189930 18.306
 35    36.813 53444.60675797 18.69 292.531789   6.186630 18.306
 35    46.216 53444.60675862 16.54 292.531059   6.183320 18.306
 35    45.301 53444.60675926 17.04 292.530329   6.180020 18.306
 35    37.459 53444.60675991 23.83 292.529589   6.176710 18.306
 35    37.954 53444.60676055 25.06 292.528859   6.173410 18.306
 35    38.180 53444.60676120 23.18 292.528129   6.170100 18.306
 35    38.229 53444.60676184 21.16 292.527399   6.166790 18.306
 36    41.006 53479.60683858 33.63 292.524768   6.179135 20.785
 36    40.839 53479.60683923 36.95 292.524038   6.175825 20.785
 36    41.055 53479.60683987 36.57 292.523308   6.172525 20.785
 36    40.980 53479.60684052 38.99 292.522578   6.169215 20.785
 36    40.978 53479.60684116 41.87 292.521838   6.165915 20.785
 36    41.158 53479.60684181 46.68 292.521108   6.162605 20.785
 36    41.137 53479.60684245 46.44 292.520378   6.159305 20.785
 37    45.430 53514.60684307 27.72 292.533154   6.191246 12.766
 37    45.150 53514.60684372 25.01 292.532424   6.187946 12.766
 37    44.877 53514.60684436 23.60 292.531694   6.184636 12.766
 37    44.794 53514.60684500 21.60 292.530964   6.181336 12.766
 37    44.955 53514.60684565 20.51 292.530234   6.178026 12.766
 37    45.257 53514.60684629 19.90 292.529494   6.174716 12.766
 37    45.347 53514.60684694 19.28 292.528764   6.171416 12.766
 37    45.111 53514.60684758 20.34 292.528034   6.168106 12.766
 38    46.828 53549.60686473 35.99 292.525182   6.180190 23.903
 38    46.667 53549.60686537 38.19 292.524452   6.176890 23.903
 38    46.788 53549.60686602 38.99 292.523722   6.173580 23.903
 38    46.763 53549.60686666 38.69 292.522992   6.170280 23.903
 38    46.765 53549.60686731 39.73 292.522262   6.166970 23.903
 38    46.815 53549.60686795 42.44 292.521522   6.163670 23.903
 38    46.801 53549.60686860 43.10 292.520792   6.160360 23.903
 39    47.288 53584.60682410 28.13 292.535259   6.194304 26.837
 39    46.993 53584.60682475 28.63 292.534529   6.191004 26.837
 39    47.021 53584.60682539 25.36 292.533790   6.187692 21.835
 39    48.618 53584.60682604 21.67 292.533060   6.184392 21.835
 39    48.571 53584.60682668 21.30 292.532330   6.181082 21.835
 39    48.587 53584.60682733 21.26 292.531600   6.177782 21.835
 39    46.773 53584.60682797 23.74 292.530870   6.174472 21.835
 39    47.168 53584.60682861 25.26 292.530130   6.171162 21.835
 40    46.404 53619.60678286 29.39 292.527911   6.183990 15.034
 40    46.410 53619.60678351 30.96 292.527181   6.180680 15.034
 40    46.370 53619.60678415 32.43 292.526451   6.177380 15.034
 40    46.342 53619.60678480 33.56 292.525711   6.174070 15.034
 40    46.378 53619.60678544 34.83 292.524981   6.170770 15.034
 40    46.558 53619.60678609 34.61 292.524251   6.167460 15.034
 40    46.470 53619.60678673 36.50 292.523521   6.164150 15.034
 41    43.064 53654.60680810 31.99 292.532458   6.190582 18.156
 41    42.674 53654.60680874 27.56 292.531728   6.187282 18.156
 41    42.872 53654.60680939 26.83 292.530998   6.183972 18.156
 41    42.791 53654.60681003 28.12 292.530258   6.180662 18.156
 41    42.727 53654.60681068 30.89 292.529528   6.177362 18.156
 41    42.624 53654.60681132 31.14 292.528798   6.174052 18.156
 41    42.630 53654.60681196 32.20 292.528068   6.170752 18.156
 41    42.752 53654.60681261 32.18 292.527338   6.167442 18.156
 42    43.473 53689.60680454 28.69 292.528538   6.183226 10.946
 42    43.578 53689.60680518 29.34 292.527808   6.179926 10.946
 42    43.571 53689.60680583 30.82 292.527078   6.176616 10.946
 42    43.695 53689.60680647 31.25 292.526338   6.173316 10.946
 42    43.710 53689.60680712 32.90 292.525608   6.170006 10.946
 42    43.862 53689.60680776 34.46 292.524878   6.166696 10.946
 42    43.817 53689.60680841 35.51 292.524148   6.163396 10.946
 43    41.142 53724.60672648 20.25 292.535881   6.194979  9.584
 43    43.770 53724.60672713 19.33 292.535151   6.191679  9.584
 43    44.041 53724.60672777 15.20 292.534417   6.188366 16.357
 43    43.992 53724.60672842 14.38 292.533687   6.185066 16.357
 43    43.036 53724.60672906 14.90 292.532957   6.181756 16.357
 43    48.302 53724.60672970 14.10 292.532227   6.178456 16.357
 43    42.838 53724.60673035 13.98 292.531487   6.175146 16.357
 43    42.686 53724.60673099 14.65 292.530757   6.171836 16.357
 44    46.363 53759.60666827 20.38 292.543075   6.199231  5.393
 44    38.755 53759.60666891 17.90 292.542348   6.195920 25.092
 44    44.040 53759.60666956 15.76 292.541608   6.192620 25.092
 44    38.954 53759.60667020 15.69 292.540878   6.189310 25.092
 44    38.676 53759.60667085 17.46 292.540148   6.186010 25.092
 44    38.678 53759.60667149 24.56 292.539418   6.182700 25.092
 44    38.695 53759.60667214 28.41 292.538678   6.179390 25.092
 45    37.919 53794.60668738 27.26 292.538327   6.198208  9.852
 45    37.354 53794.60668802 23.57 292.537597   6.194908  9.852
 45    36.880 53794.60668866 19.91 292.536859   6.191595 26.004
 45    37.521 53794.60668931 17.80 292.536129   6.188295 26.004
 45    38.140 53794.60668995 16.36 292.535399   6.184985 26.004
 45    38.271 53794.60669060 20.29 292.534669   6.181685 26.004
 45    38.271 53794.60669124 25.29 292.533939   6.178375 26.004
 45    38.572 53794.60669189 28.58 292.533199   6.175075 26.004
 45    38.981 53794.60669253 29.26 292.532469   6.171765 26.004
 46    39.418 53829.60666354 29.15 292.539085   6.197371 22.348
 46    39.338 53829.60666419 27.85 292.538345   6.194061 22.348
 46    39.029 53829.60666483 25.32 292.537615   6.190761 22.348
 46    38.871 53829.60666547 22.08 292.536885   6.187451 22.348
 46    38.953 53829.60666612 21.96 292.536155   6.184151 22.348
 46    39.319 53829.60666676 23.56 292.535415   6.180841 22.348
 46    39.534 53829.60666741 34.14 292.534685   6.177531 22.348
 46    39.757 53829.60666805 33.33 292.533955   6.174231 22.348
 47    41.708 53864.60674497 21.74 292.529853   6.186666 10.512
 47    42.037 53864.60674562 20.73 292.529113   6.183366 10.512
 47    42.220 53864.60674626 20.39 292.528388   6.180053 11.218
 47    41.983 53864.60674691 22.52 292.527648   6.176753 11.218
 47    41.798 53864.60674755 22.47 292.526918   6.173443 11.218
 47    41.709 53864.60674820 23.30 292.526188   6.170143 11.218
 47    41.688 53864.60674884 22.79 292.525458   6.166833 11.218
 48    46.266 53899.60676951 33.24 292.533185   6.191242 21.955
 48    45.842 53899.60677016 32.62 292.532455   6.187942 21.955
 48    45.934 53899.60677080 35.02 292.531725   6.184632 21.955
 48    45.909 53899.60677145 36.34 292.530985   6.181332 21.955
 48    46.015 53899.60677209 38.86 292.530255   6.178022 21.955
 48    46.024 53899.60677274 38.81 292.529525   6.174712 21.955
 48    46.107 53899.60677338 40.10 292.528795   6.171412 21.955
 48    46.175 53899.60677403 42.69 292.528065   6.168102 21.955
 49    48.642 53934.60681663 27.00 292.519497   6.174128 12.388
 49    48.371 53934.60681727 23.70 292.518767   6.170828 12.388
 49    48.174 53934.60681792 24.03 292.518037   6.167518 12.388
 49    48.174 53934.60681856 22.76 292.517297   6.164218 12.388
 49    48.191 53934.60681921 23.64 292.516567   6.160908 12.388
 49    48.314 53934.60681985 24.08 292.515837   6.157598 12.388
 49    48.517 53934.60682050 24.50 292.515107   6.154298 12.388
 50    48.002 53969.60678585 30.22 292.525102   6.178739 22.916
 50    48.015 53969.60678649 32.24 292.524364   6.175427 23.508
 50    47.999 53969.60678714 34.31 292.523634   6.172127 23.508
 50    48.168 53969.60678778 37.24 292.522904   6.168817 23.508
 50    48.138 53969.60678843 40.52 292.522174   6.165517 23.508
 50    48.219 53969.60678907 41.57 292.521444   6.162207 23.508
 50    48.196 53969.60678972 42.17 292.520704   6.158897 23.508
 51    45.096 54004.60675578 33.63 292.538335   6.198337 14.792
 51    45.058 54004.60675643 32.24 292.537605   6.195027 14.792
 51    45.008 54004.60675707 31.36 292.536875   6.191727 14.792
 51    44.831 54004.60675772 32.83 292.536135   6.188417 14.792
 51    45.065 54004.60675836 32.15 292.535405   6.185117 14.792
 51    45.015 54004.60675901 34.29 292.534676   6.181805 26.238
 51    45.203 54004.60675965 34.85 292.533936   6.178505 26.238
 51    45.371 54004.60676030 35.78 292.533206   6.175195 26.238
 51    45.448 54004.60676094 37.82 292.532476   6.171895 26.238
 52    44.448 54039.60678806 24.90 292.538805   6.199712 16.828
 52    44.438 54039.60678870 24.52 292.538065   6.196412 16.828
 52    44.229 54039.60678934 26.15 292.537335   6.193102 16.828
 52    43.961 54039.60678999 26.58 292.536605   6.189792 16.828
 52    43.792 54039.60679063 23.94 292.535875   6.186492 16.828
 52    43.270 54039.60679128 23.57 292.535145   6.183182 16.828
 52    43.478 54039.60679192 21.32 292.534405   6.179882 16.828
 52    43.629 54039.60679257 20.73 292.533681   6.176572 22.187
 52    44.945 54039.60679321 19.49 292.532941   6.173272 22.187
 53    43.587 54074.60678386 33.00 292.534579   6.193449 14.959
 53    43.821 54074.60678451 22.52 292.533849   6.190139 14.959
 53    43.721 54074.60678515 20.31 292.533119   6.186839 14.959
 53    46.091 54074.60678580 18.03 292.532389   6.183529 14.959
 53    43.050 54074.60678644 18.22 292.531659   6.180229 14.959
 53    43.084 54074.60678709 18.93 292.530920   6.176917 18.498
 53    44.000 54074.60678773 16.41 292.530190   6.173617 18.498
 53    45.092 54074.60678838 16.22 292.529460   6.170307 18.498
 54    43.892 54109.60672979 15.42 292.530427   6.186289 11.627
 54    46.483 54109.60673043 18.36 292.529697   6.182989 11.627
 54    39.475 54109.60673108 18.89 292.528967   6.179679 11.627
 54    39.506 54109.60673172 21.17 292.528237   6.176379 11.627
 54    39.637 54109.60673237 26.03 292.527505   6.173064 19.615
 54    39.910 54109.60673301 29.73 292.526775   6.169764 19.615
 54    39.700 54109.60673366 34.91 292.526045   6.166454 19.615
 55    36.481 54144.60672225 19.76 292.533464   6.190985 10.370
 55    36.423 54144.60672290 18.93 292.532734   6.187675 10.370
 55    37.075 54144.60672354 17.19 292.531994   6.184375 10.370
 55    37.626 54144.60672419 17.10 292.531269   6.181065 19.741
 55    37.121 54144.60672483 23.99 292.530529   6.177765 19.741
 55    36.695 54144.60672547 30.74 292.529799   6.174455 19.741
 55    38.153 54144.60672612 25.76 292.529069   6.171155 19.741
 55    38.436 54144.60672676 21.63 292.528339   6.167845 19.741
 56    35.911 54179.60671467 18.85 292.531265   6.188182 18.016
 56    35.973 54179.60671531 16.98 292.530535   6.184872 18.016
 56    36.120 54179.60671596 18.93 292.529805   6.181572 18.016
 56    36.181 54179.60671660 24.01 292.529075   6.178262 18.016
 56    36.160 54179.60671725 33.30 292.528345   6.174962 18.016
 56    36.875 54179.60671789 34.00 292.527615   6.171652 18.016
 56    37.922 54179.60671854 25.87 292.526875   6.168352 18.016
 57    43.980 54214.60672970 26.43 292.532584   6.191073 13.368
 57    43.480 54214.60673034 26.77 292.531854   6.187763 13.368
 57    40.040 54214.60673099 26.12 292.531124   6.184463 13.368
 57    40.276 54214.60673163 24.79 292.530384   6.181153 13.368
 57    40.237 54214.60673228 26.43 292.529654   6.177843 13.368
 57    40.291 54214.60673292 28.34 292.528924   6.174543 13.368
 57    40.386 54214.60673357 27.66 292.528194   6.171233 13.368
 57    40.491 54214.60673421 28.69 292.527454   6.167933 13.368
 58    44.442 54249.60675766 27.40 292.532291   6.188692 13.409
 58    44.474 54249.60675831 26.64 292.531561   6.185382 13.409
 58    44.650 54249.60675895 27.08 292.530831   6.182072 13.409
 58    44.701 54249.60675960 28.31 292.530091   6.178772 13.409
 58    44.452 54249.60676024 30.36 292.529361   6.175462 13.409
 58    44.302 54249.60676089 30.64 292.528631   6.172162 13.409
 58    44.406 54249.60676153 28.78 292.527901   6.168852 13.409
 59    48.310 54284.60676495 34.46 292.534505   6.192124 18.430
 59    48.224 54284.60676559 35.48 292.533775   6.188814 18.430
 59    48.211 54284.60676624 32.54 292.533045   6.185514 18.430
 59    48.194 54284.60676688 31.69 292.532315   6.182204 18.430
 59    48.292 54284.60676753 30.51 292.531585   6.178904 18.430
 59    48.397 54284.60676817 30.34 292.530845   6.175594 18.430
 59    48.430 54284.60676882 31.06 292.530115   6.172284 18.430
 59    48.517 54284.60676946 34.86 292.529385   6.168984 18.430
 60    47.575 54319.60676210 31.85 292.535205   6.192635 20.126
 60    47.712 54319.60676275 32.49 292.534465   6.189335 20.126
 60    47.707 54319.60676339 33.65 292.533735   6.186025 20.126
 60    47.759 54319.60676403 35.62 292.533005   6.182725 20.126
 60    47.785 54319.60676468 37.05 292.532275   6.179415 20.126
 60    47.891 54319.60676532 38.21 292.531545   6.176115 20.126
 60    47.874 54319.60676597 40.28 292.530805   6.172805 20.126
 60    48.018 54319.60676661 43.74 292.530075   6.169495 20.126
 61    46.933 54354.60672530 30.07 292.533898   6.191031 17.013
 61    46.727 54354.60672595 30.88 292.533168   6.187721 17.013
 61    46.687 54354.60672659 31.30 292.532428   6.184421 17.013
 61    46.641 54354.60672724 33.31 292.531698   6.181111 17.013
 61    46.688 54354.60672788 33.51 292.530968   6.177811 17.013
 61    46.706 54354.60672853 34.50 292.530238   6.174501 17.013
 61    46.865 54354.60672917 36.55 292.529508   6.171201 17.013
 61    46.948 54354.60672982 39.15 292.528778   6.167891 17.013
 62    45.535 54389.60670249 29.55 292.534873   6.193149 19.123
 62    45.562 54389.60670314 27.11 292.534143   6.189849 19.123
 62    45.488 54389.60670378 25.69 292.533413   6.186539 19.123
 62    45.263 54389.60670443 28.10 292.532673   6.183229 19.123
 62    45.267 54389.60670507 30.75 292.531943   6.179929 19.123
 62    45.354 54389.60670571 31.18 292.531213   6.176619 19.123
 62    45.502 54389.60670636 33.29 292.530483   6.173319 19.123
 62    45.557 54389.60670700 34.25 292.529753   6.170009 19.123
 63    42.545 54424.60667534 31.39 292.533514   6.192087 16.543
 63    44.509 54424.60667599 22.13 292.532784   6.188787 16.543
 63    44.534 54424.60667663 19.62 292.532054   6.185477 16.543
 63    48.671 54424.60667728 16.02 292.531324   6.182177 16.543
 63    43.454 54424.60667792 17.43 292.530584   6.178867 16.543
 63    44.734 54424.60667856 16.74 292.529854   6.175567 16.543
 63    45.309 54424.60667921 17.40 292.529124   6.172257 16.543
 63    45.558 54424.60667985 19.55 292.528394   6.168947 16.543
 64    43.438 54459.60667806 23.26 292.535268   6.192974 17.948
 64    43.601 54459.60667870 22.17 292.534538   6.189664 17.948
 64    43.558 54459.60667935 17.31 292.533808   6.186354 17.948
 64    43.206 54459.60667999 16.38 292.533068   6.183054 17.948
 64    40.039 54459.60668063 17.97 292.532338   6.179744 17.948
 64    40.170 54459.60668128 21.46 292.531608   6.176444 17.948
 64    40.042 54459.60668192 26.94 292.530878   6.173134 17.948
 64    39.859 54459.60668257 30.11 292.530138   6.169834 17.948
 65    38.106 54494.60668028 21.73 292.534470   6.192473 21.744
 65    43.693 54494.60668092 18.91 292.533740   6.189173 21.744
 65    43.376 54494.60668156 16.21 292.533010   6.185863 21.744
 65    42.404 54494.60668221 17.49 292.532270   6.182553 21.744
 65    38.228 54494.60668285 21.97 292.531540   6.179253 21.744
 65    38.178 54494.60668350 26.79 292.530810   6.175943 21.744
 65    38.319 54494.60668414 29.78 292.530080   6.172643 21.744
 65    39.080 54494.60668479 26.58 292.529350   6.169333 21.744
 66    37.151 54529.60669029 28.30 292.536811   6.195737 15.519
 66    36.803 54529.60669094 25.98 292.536081   6.192427 15.519
 66    36.326 54529.60669158 22.17 292.535351   6.189117 15.519
 66    36.645 54529.60669223 20.44 292.534611   6.185817 15.519
 66    37.058 54529.60669287 20.43 292.533881   6.182507 15.519
 66    37.253 54529.60669352 24.44 292.533151   6.179207 15.519
 66    37.046 54529.60669416 28.23 292.532421   6.175897 15.519
 66    38.485 54529.60669481 26.28 292.531681   6.172597 15.519
 67    36.068 54564.60668686 25.10 292.532880   6.191099 14.208
 67    35.468 54564.60668750 24.36 292.532150   6.187789 14.208
 67    35.895 54564.60668814 21.62 292.531420   6.184489 14.208
 67    36.851 54564.60668879 18.02 292.530690   6.181179 14.208
 67    36.880 54564.60668943 21.30 292.529960   6.177869 14.208
 67    36.662 54564.60669008 29.96 292.529220   6.174569 14.208
 67    37.996 54564.60669072 28.50 292.528490   6.171259 14.208
 67    38.565 54564.60669137 21.41 292.527760   6.167959 14.208
 68    40.882 54599.60668631 31.65 292.533672   6.192024 13.022
 68    40.167 54599.60668696 25.22 292.532942   6.188714 13.022
 68    39.542 54599.60668760 21.77 292.532202   6.185414 13.022
 68    40.043 54599.60668825 19.79 292.531472   6.182104 13.022
 68    40.324 54599.60668889 19.26 292.530742   6.178794 13.022
 68    40.367 54599.60668954 19.53 292.530012   6.175494 13.022
 68    40.545 54599.60669018 19.37 292.529282   6.172184 13.022
 68    40.635 54599.60669083 19.89 292.528542   6.168884 13.022
 69    45.468 54634.60669975 29.28 292.531671   6.189348 18.978
 69    45.358 54634.60670040 27.77 292.530941   6.186048 18.978
 69    45.436 54634.60670104 28.36 292.530201   6.182738 18.978
 69    45.449 54634.60670169 28.55 292.529471   6.179428 18.978
 69    45.411 54634.60670233 28.70 292.528741   6.176128 18.978
 69    45.322 54634.60670298 30.06 292.528011   6.172818 18.978
 69    45.182 54634.60670362 32.97 292.527271   6.169518 18.978
 69    45.602 54634.60670427 32.60 292.526540   6.166207 20.526
 70    49.253 54669.60670397 35.44 292.531996   6.189911 22.799
 70    49.195 54669.60670462 32.09 292.531266   6.186611 22.799
 70    49.135 54669.60670526 31.01 292.530536   6.183301 22.799
 70    49.023 54669.60670591 28.15 292.529796   6.180001 22.799
 70    49.043 54669.60670655 27.90 292.529066   6.176691 22.799
 70    49.184 54669.60670720 27.03 292.528336   6.173391 22.799
 70    49.240 54669.60670784 27.90 292.527606   6.170081 22.799
 70    49.377 54669.60670849 32.51 292.526876   6.166781 22.799
 71    47.558 54704.60666636 26.49 292.535221   6.193912 16.266
 71    47.451 54704.60666701 27.41 292.534491   6.190602 16.266
 71    47.309 54704.60666765 25.44 292.533751   6.187302 16.266
 71    47.137 54704.60666830 23.26 292.533021   6.183992 16.266
 71    47.145 54704.60666894 22.40 292.532291   6.180692 16.266
 71    47.159 54704.60666959 23.19 292.531561   6.177382 16.266
 71    47.474 54704.60667023 23.64 292.530831   6.174072 16.266
 71    47.643 54704.60667088 25.67 292.530101   6.170772 16.266
 72    45.284 54739.60666654 31.02 292.534325   6.192227 18.665
 72    45.066 54739.60666718 30.65 292.533595   6.188927 18.665
 72    45.149 54739.60666783 30.43 292.532855   6.185617 18.665
 72    45.224 54739.60666847 32.44 292.532125   6.182307 18.665
 72    45.276 54739.60666912 33.45 292.531395   6.179007 18.665
 72    45.257 54739.60666976 35.88 292.530665   6.175697 18.665
 72    45.391 54739.60667041 38.38 292.529925   6.172397 18.665
 72    45.404 54739.60667105 39.27 292.529201   6.169087 20.423
 73    43.481 54774.60664820 33.32 292.534928   6.193494 17.307
 73    43.556 54774.60664884 31.26 292.534198   6.190184 17.307
 73    43.604 54774.60664949 29.49 292.533468   6.186884 17.307
 73    43.512 54774.60665013 29.79 292.532738   6.183574 17.307
 73    43.481 54774.60665077 32.60 292.532008   6.180274 17.307
 73    43.531 54774.60665142 33.86 292.531268   6.176964 17.307
 73    43.456 54774.60665206 35.30 292.530538   6.173654 17.307
 73    43.527 54774.60665271 36.04 292.529808   6.170354 17.307
 74    44.264 54809.60665988 21.33 292.533738   6.191374 12.868
 74    44.079 54809.60666052 20.34 292.533008   6.188074 12.868
 74    43.775 54809.60666117 17.09 292.532268   6.184764 12.868
 74    45.945 54809.60666181 15.73 292.531538   6.181454 12.868
 74    43.504 54809.60666246 16.34 292.530808   6.178154 12.868
 74    43.776 54809.60666310 15.47 292.530068   6.174844 12.868
 74    44.588 54809.60666375 15.64 292.529338   6.171544 12.868
 74    44.898 54809.60666439 15.99 292.528612   6.168232 18.399
 75    44.007 54844.60664687 18.06 292.533362   6.191210 17.678
 75    44.037 54844.60664751 17.41 292.532632   6.187910 17.678
 75    43.056 54844.60664816 17.82 292.531902   6.184600 17.678
 75    39.071 54844.60664880 20.31 292.531172   6.181300 17.678
 75    39.315 54844.60664945 23.33 292.530432   6.177990 17.678
 75    39.447 54844.60665009 26.99 292.529702   6.174680 17.678
 75    39.517 54844.60665074 29.69 292.528972   6.171380 17.678
 75    39.601 54844.60665138 35.45 292.528242   6.168070 17.678
 76    43.449 54879.60666409 20.12 292.531813   6.189474 13.604
 76    42.896 54879.60666474 17.65 292.531083   6.186164 13.604
 76    42.604 54879.60666538 16.54 292.530353   6.182864 13.604
 76    38.606 54879.60666602 18.22 292.529623   6.179554 13.604
 76    38.619 54879.60666667 21.61 292.528883   6.176254 13.604
 76    38.780 54879.60666731 26.28 292.528161   6.172944 24.498
 76    38.712 54879.60666796 31.65 292.527421   6.169644 24.498
 76    39.806 54879.60666860 27.61 292.526691   6.166334 24.498
 77    36.145 54914.60665173 21.28 292.529877   6.185763 14.374
 77    37.255 54914.60665237 20.46 292.529147   6.182453 14.374
 77    37.696 54914.60665302 20.81 292.528417   6.179143 14.374
 77    38.393 54914.60665366 19.31 292.527677   6.175843 14.374
 77    38.227 54914.60665431 23.90 292.526947   6.172533 14.374
 77    37.842 54914.60665495 31.01 292.526217   6.169233 14.374
 77    39.483 54914.60665559 27.25 292.525487   6.165923 14.374
 79    40.902 54984.60668137 19.59 292.530944   6.188396 13.807
 79    40.444 54984.60668202 19.73 292.530204   6.185086 13.807
 79    41.244 54984.60668266 17.39 292.529474   6.181776 13.807
 79    41.096 54984.60668331 16.61 292.528744   6.178476 13.807
 79    41.361 54984.60668395 15.51 292.528014   6.175166 13.807
 79    41.389 54984.60668460 15.58 292.527274   6.171866 13.807
 79    42.457 54984.60668524 15.15 292.526552   6.168555 12.505
 79    43.013 54984.60668589 14.65 292.525812   6.165255 12.505
 80    46.560 55019.60667573 29.55 292.535153   6.194575 16.920
 80    46.348 55019.60667637 32.85 292.534423   6.191265 16.920
 80    46.413 55019.60667702 29.85 292.533693   6.187965 16.920
 80    46.316 55019.60667766 29.96 292.532963   6.184655 16.920
 80    46.329 55019.60667831 29.63 292.532233   6.181355 16.920
 80    46.432 55019.60667895 30.09 292.531493   6.178045 16.920
 80    46.521 55019.60667959 31.80 292.530763   6.174735 16.920
 80    46.466 55019.60668024 32.44 292.530033   6.171435 16.920
 81    47.397 55054.60667180 32.30 292.535036   6.193782 22.409
 81    47.740 55054.60667244 31.95 292.534306   6.190472 22.409
 81    47.533 55054.60667309 31.55 292.533576   6.187172 22.409
 81    47.587 55054.60667373 33.18 292.532846   6.183862 22.409
 81    47.704 55054.60667438 36.22 292.532116   6.180562 22.409
 81    47.813 55054.60667502 38.16 292.531376   6.177252 22.409
 81    47.794 55054.60667567 40.17 292.530646   6.173942 22.409
 81    47.937 55054.60667631 42.12 292.529916   6.170642 22.409
 82    45.797 55089.60663327 30.42 292.531814   6.189042 15.518
 82    45.666 55089.60663391 26.98 292.531084   6.185732 15.518
 82    45.721 55089.60663456 27.43 292.530354   6.182432 15.518
 82    45.625 55089.60663520 28.43 292.529624   6.179122 15.518
 82    45.729 55089.60663585 29.16 292.528894   6.175822 15.518
 82    45.632 55089.60663649 31.59 292.528154   6.172512 15.518
 82    45.863 55089.60663714 30.96 292.527424   6.169202 15.518
 82    45.979 55089.60663778 31.63 292.526694   6.165902 15.518
 83    43.268 55124.60660991 31.10 292.535143   6.193754 11.307
 83    44.048 55124.60661055 23.23 292.534413   6.190454 11.307
 83    43.774 55124.60661120 22.07 292.533673   6.187144 11.307
 83    43.295 55124.60661184 21.87 292.532943   6.183834 11.307
 83    43.167 55124.60661249 20.87 292.532213   6.180534 11.307
 83    43.217 55124.60661313 20.53 292.531483   6.177224 11.307
 83    44.844 55124.60661377 20.43 292.530743   6.173924 11.307
 83    45.217 55124.60661442 22.30 292.530020   6.170613 21.193
 84    44.293 55159.60659410 23.82 292.532066   6.190139 11.048
 84    44.021 55159.60659475 20.35 292.531336   6.186829 11.048
 84    46.323 55159.60659539 19.57 292.530606   6.183529 11.048
 84    43.122 55159.60659604 17.29 292.529876   6.180219 11.048
 84    42.376 55159.60659668 16.65 292.529146   6.176919 11.048
 84    42.698 55159.60659733 16.42 292.528406   6.173609 11.048
 84    41.358 55159.60659797 19.65 292.527676   6.170299 11.048
 84    40.582 55159.60659862 26.06 292.526946   6.166999 11.048
 85    44.005 55194.60660019 20.47 292.533852   6.191666 14.856
 85    43.580 55194.60660084 20.50 292.533122   6.188366 14.856
 85    37.344 55194.60660148 19.84 292.532382   6.185056 14.856
 85    42.563 55194.60660212 17.98 292.531652   6.181746 14.856
 85    37.982 55194.60660277 20.55 292.530922   6.178446 14.856
 85    37.845 55194.60660341 27.20 292.530192   6.175136 14.856
 85    37.828 55194.60660406 29.61 292.529452   6.171836 14.856
 85    38.607 55194.60660470 25.44 292.528727   6.168525 25.145
 86    43.494 55229.60659693 21.76 292.531561   6.189591 13.998
 86    35.678 55229.60659757 19.03 292.530831   6.186281 13.998
 86    36.196 55229.60659822 17.86 292.530101   6.182981 13.998
 86    36.512 55229.60659886 18.94 292.529361   6.179671 13.998
 86    36.204 55229.60659951 28.07 292.528631   6.176361 13.998
 86    36.955 55229.60660015 32.26 292.527901   6.173061 13.998
 86    37.712 55229.60660080 26.35 292.527171   6.169751 13.998
 86    38.236 55229.60660144 20.77 292.526441   6.166451 13.998
 87    35.951 55264.60659517 35.36 292.534613   6.193005  8.998
 87    36.209 55264.60659581 27.37 292.533873   6.189695  8.998
 87    35.764 55264.60659646 22.11 292.533143   6.186395  8.998
 87    35.839 55264.60659710 22.88 292.532413   6.183085  8.998
 87    36.288 55264.60659775 24.27 292.531683   6.179785  8.998
 87    35.909 55264.60659839 37.87 292.530953   6.176475  8.998
 87    36.916 55264.60659904 32.74 292.530213   6.173175  8.998
 87    38.473 55264.60659968 23.05 292.529481   6.169862 25.871
 88    44.507 55299.60657801 21.19 292.534154   6.193005 10.302
 88    44.392 55299.60657866 20.83 292.533424   6.189695 10.302
 88    44.213 55299.60657930 19.46 292.532684   6.186395 10.302
 88    45.857 55299.60657995 16.90 292.531954   6.183085 10.302
 88    45.542 55299.60658059 16.32 292.531224   6.179785 10.302
 88    38.359 55299.60658124 21.90 292.530494   6.176475 10.302
 88    38.232 55299.60658188 25.40 292.529764   6.173165 10.302
 88    38.193 55299.60658252 25.07 292.529024   6.169865 10.302
 89    44.857 55334.60657310 26.46 292.531920   6.188814 20.915
 89    44.569 55334.60657375 21.54 292.531190   6.185504 20.915
 89    46.346 55334.60657439 18.90 292.530460   6.182204 20.915
 89    45.881 55334.60657504 18.32 292.529720   6.178894 20.915
 89    44.628 55334.60657568 18.95 292.528990   6.175584 20.915
 89    44.557 55334.60657633 19.22 292.528260   6.172284 20.915
 89    44.434 55334.60657697 20.21 292.527530   6.168974 20.915
 90    47.406 55369.60656364 27.90 292.534228   6.192020 18.362
 90    47.441 55369.60656428 27.13 292.533498   6.188720 18.362
 90    47.164 55369.60656493 23.27 292.532768   6.185410 18.362
 90    47.015 55369.60656557 23.87 292.532038   6.182110 18.362
 90    47.011 55369.60656622 23.52 292.531298   6.178800 18.362
 90    47.223 55369.60656686 23.38 292.530568   6.175490 18.362
 90    47.474 55369.60656751 24.17 292.529838   6.172190 18.362
 90    47.545 55369.60656815 28.04 292.529108   6.168880 18.362
 91    48.226 55404.60658006 36.59 292.535457   6.194069 19.644
 91    48.532 55404.60658070 32.89 292.534727   6.190769 19.644
 91    48.470 55404.60658135 32.26 292.533997   6.187459 19.644
 91    48.307 55404.60658199 33.64 292.533267   6.184159 19.644
 91    48.450 55404.60658264 33.90 292.532527   6.180849 19.644
 91    48.381 55404.60658328 37.31 292.531797   6.177539 19.644
 91    48.402 55404.60658393 37.76 292.531067   6.174239 19.644
 91    48.544 55404.60658457 39.24 292.530337   6.170929 19.644
 92    47.758 55439.60658149 26.79 292.535075   6.193261 21.188
 92    47.796 55439.60658213 27.69 292.534345   6.189951 21.188
 92    47.613 55439.60658278 27.35 292.533615   6.186651 21.188
 92    47.397 55439.60658342 25.98 292.532885   6.183341 21.188
 92    47.444 55439.60658407 25.23 292.532155   6.180031 21.188
 92    47.531 55439.60658471 25.27 292.531415   6.176731 21.188
 92    47.881 55439.60658536 26.64 292.530685   6.173421 21.188
 92    47.949 55439.60658600 31.57 292.529955   6.170121 21.188
 93    44.749 55474.60652779 33.86 292.534242   6.192897 15.301
 93    44.584 55474.60652843 26.89 292.533512   6.189587 15.301
 93    44.375 55474.60652908 27.35 292.532772   6.186287 15.301
 93    44.078 55474.60652972 29.68 292.532042   6.182977 15.301
 93    44.083 55474.60653037 31.65 292.531312   6.179677 15.301
 93    44.207 55474.60653101 33.68 292.530582   6.176367 15.301
 93    44.303 55474.60653166 34.53 292.529852   6.173067 15.301
 93    44.545 55474.60653230 36.44 292.529122   6.169757 15.301
