#    0.000   0.000   0.000 ;Mean Elev.(m), Avg Gradient(m/km), RMS Gradient(m/km) - SRTM1     
#    0.000   0.000   0.000 ;Mean Elev.(m), Avg Gradient(m/km), RMS Gradient(m/km) - ASTER GDEM
#   15.303  -3.967  12.827 ;Mean Elev.(m), Avg Gradient(m/km), RMS Gradient(m/km) - GMTED2010 
  7 295.204485   7.665967    49.646    49.375  5 52470.09352089  6.745
  8 295.204611   7.670063    32.332    27.623  4 52505.09350522 29.546
  9 295.208462   7.670639    30.356    26.536  5 52540.09348790 41.609
 11 295.206455   7.668717    26.935    25.463  6 52610.09349329 17.438
 12 295.206230   7.666382    28.020    31.100  5 52645.09348303 33.933
 13 295.211854   7.672611    30.975    29.366  7 52680.09346045 17.781
 15 295.197645   7.662439    34.080    34.080  2 52750.09353280 13.956
 16 295.203777   7.667084    31.075    31.038  4 52785.09347641 26.376
 17 295.204413   7.666394    55.635    51.806  5 52820.09355148  6.728
 18 295.208692   7.665319    47.286    47.093  3 52855.09359942 19.257
 20 295.206294   7.666215    47.591    46.630  4 52925.09358592 12.918
 21 295.211476   7.673192    26.797    22.666  6 52960.09355424 21.341
 22 295.206163   7.669678    20.879    20.436  4 52995.09358779 18.309
 23 295.207747   7.669364    25.257    21.026  5 53030.09355139 18.899
 24 295.210275   7.670794    23.156    24.017  6 53065.09355885 38.395
 25 295.203856   7.662485    46.993    47.037  3 53100.09356380  5.505
 28 295.205029   7.667141    46.546    46.611  3 53205.09362766 16.484
 29 295.210553   7.674001    27.464    27.423  6 53240.09359660 34.961
 31 295.202695   7.666509    34.511    33.726  4 53310.09360988 27.380
 32 295.207056   7.669244    22.045    22.064  6 53345.09357632 15.889
 34 295.211359   7.672213    24.458    22.940  6 53415.09355397 22.855
 35 295.206724   7.667863    22.990    22.369  6 53450.09354684 15.646
 36 295.199267   7.665149    29.293    29.293  2 53485.09363187 25.182
 37 295.207913   7.670043    31.351    27.631  5 53520.09362877 16.050
 38 295.200003   7.665784    30.526    24.099  3 53555.09365124 40.039
 39 295.212391   7.673212    31.743    29.921  6 53590.09359536 38.629
 40 295.199054   7.667533    25.060    25.075  3 53625.09357549 45.090
 41 295.204208   7.667134    27.960    21.760  3 53660.09360157 43.269
 42 295.206306   7.668756    33.170    27.031  5 53695.09357574 21.665
 43 295.209944   7.673073    19.969    21.025  7 53730.09349938 33.277
 45 295.209699   7.676016    19.926    20.706  5 53800.09347131 36.672
 46 295.206594   7.668697    25.313    25.965  4 53835.09347178 38.017
 47 295.205513   7.667021    49.832    50.024  5 53870.09353175 15.766
 48 295.204429   7.666442    49.611    49.443  4 53905.09356691 12.723
 49 295.197181   7.664463    41.995    46.872  4 53940.09359941 32.955
 50 295.204276   7.669478    32.154    27.091  4 53975.09355818 27.674
 51 295.207170   7.668396    40.248    45.356  4 54010.09355476 39.440
 52 295.211424   7.672676    30.341    29.843  6 54045.09357286 19.527
 53 295.207210   7.667911    31.884    29.790  4 54080.09356501 21.055
 54 295.207199   7.670960    24.180    19.358  5 54115.09350079 38.027
 56 295.207832   7.668588    62.497    62.259  6 54185.09349117  3.929
 57 295.205424   7.666402    27.105    27.263  4 54220.09352224 29.649
 58 295.206186   7.667750    51.531    50.833  5 54255.09354686 10.020
 59 295.208852   7.667395    49.601    49.702  4 54290.09354900  8.091
 60 295.208458   7.669706    37.654    37.238  4 54325.09354678 21.990
 61 295.207963   7.671993    34.259    30.853  5 54360.09350095 29.568
 62 295.208273   7.666429    39.232    42.560  5 54395.09348616 18.247
 63 295.209554   7.666751    34.046    29.599  5 54430.09344978 27.397
 64 295.207311   7.671669    23.221    18.949  4 54465.09346701 34.285
 65 295.208312   7.670090    25.099    25.751  4 54500.09346217 29.477
 66 295.208212   7.669664    27.128    27.233  6 54535.09348107 12.656
 67 295.208409   7.669658    51.247    51.017  5 54570.09346530  9.705
 68 295.206499   7.667339    52.096    50.704  5 54605.09347552  8.963
 69 295.206782   7.666592    38.379    41.922  5 54640.09348496 26.336
 70 295.206648   7.664086    46.791    46.788  3 54675.09348687 17.149
 71 295.208709   7.673051    34.971    31.884  5 54710.09344538 38.621
 72 295.206228   7.669245    29.469    24.400  4 54745.09345506 41.151
 73 295.207836   7.673010    20.579    21.082  3 54780.09342876 43.574
 74 295.205929   7.672505    20.579    19.928  3 54815.09344864 35.032
 75 295.207994   7.668516    20.299    19.455  5 54850.09342713 18.330
 76 295.205777   7.668100    25.356    21.948  5 54885.09345153 17.646
 77 295.205680   7.669973    25.217    18.873  5 54920.09342865 22.066
 78 295.205475   7.668157    26.518    26.298  4 54955.09344729 40.152
 79 295.204356   7.666625    59.368    62.173  5 54990.09347066  2.827
 80 295.208787   7.666630    50.629    50.545  5 55025.09346151 10.994
 81 295.207278   7.668429    32.323    33.194  6 55060.09345629 31.021
 82 295.207072   7.670414    28.526    24.417  5 55095.09340852 37.626
 83 295.206269   7.670192    25.975    21.151  5 55130.09339811 31.753
 84 295.208254   7.669195    27.147    29.335  6 55165.09336964 16.892
 85 295.206159   7.667541    24.152    24.199  4 55200.09338974 25.418
 86 295.207310   7.668095    25.613    32.789  3 55235.09337513 23.177
 87 295.207168   7.667904    21.613    21.752  4 55270.09338381 33.609
 88 295.209180   7.668269    35.100    40.084  5 55305.09335635 18.605
 89 295.207632   7.666445    37.854    41.689  5 55340.09335592 32.078
 90 295.208201   7.667822    51.528    51.339  4 55375.09334782  7.332
 91 295.208113   7.667868    39.479    42.473  5 55410.09336998 38.912
 92 295.207519   7.669528    42.873    47.776  4 55445.09336499 39.923
 93 295.208600   7.673081    32.271    29.088  5 55480.09330038 42.045
