#    0.000   0.000   0.000 ;Mean Elev.(m), Avg Gradient(m/km), RMS Gradient(m/km) - SRTM1     
#    0.000   0.000   0.000 ;Mean Elev.(m), Avg Gradient(m/km), RMS Gradient(m/km) - ASTER GDEM
#   13.238  -4.214  11.586 ;Mean Elev.(m), Avg Gradient(m/km), RMS Gradient(m/km) - GMTED2010 
  7 295.816826   8.028390    18.491    18.615  7 52458.59837786 24.004
  8 295.820929   8.021341    24.375    21.009  6 52493.59836053 26.542
  9 295.817505   8.026411    20.956    20.807  7 52528.59834092 47.052
 10 295.822034   8.030955    17.254    17.240  3 52563.59837406 25.219
 11 295.808554   8.028126    15.698    15.663  4 52598.59839764 17.836
 12 295.816328   8.036115    11.355    11.355  2 52633.59834528 21.721
 13 295.814257   8.030763     8.484     8.344  6 52668.59836081 23.605
 14 295.821472   8.027684     7.076     6.891  5 52703.59834110 19.346
 16 295.818641   8.025019    16.031    12.614  6 52773.59833449 13.708
 17 295.813542   8.027060    26.157    19.987  5 52808.59840246 18.106
 18 295.815835   8.027488    22.565    19.023  6 52843.59845972 29.206
 19 295.814122   8.028505    24.258    20.912  6 52878.59849773 28.564
 20 295.819736   8.023085    19.311    19.214  5 52913.59845675 26.444
 21 295.820370   8.022581    20.898    17.476  6 52948.59841516 24.240
 23 295.815949   8.028945    12.916    12.341  6 53018.59843792 22.703
 24 295.819423   8.024689    10.904    10.528  7 53053.59842173 15.230
 25 295.808389   8.035387     8.905     9.719  7 53088.59845707 14.547
 26 295.816516   8.028390    10.469     9.662  7 53123.59842791 13.644
 27 295.810067   8.031417    20.115    14.546  4 53158.59848580 17.387
 28 295.817093   8.017369    40.068    40.068  2 53193.59848276  6.508
 29 295.819280   8.026029    33.222    36.367  5 53228.59847592 38.649
 30 295.812448   8.028722    20.599    20.623  5 53263.59844783 27.337
 31 295.808906   8.038643    18.573    18.508  5 53298.59848774 24.696
 32 295.816328   8.031289    15.095    14.979  6 53333.59846009 26.458
 33 295.817207   8.027790    14.343    14.893  7 53368.59840313 26.688
 34 295.816184   8.026811    14.038     9.814  6 53403.59843371 15.419
 35 295.815861   8.027333    11.247    11.863  7 53438.59842194 13.729
 36 295.812659   8.031460    11.290     9.588  7 53473.59847879 14.495
 37 295.815106   8.031406    42.721    44.050  5 53508.59850169 11.315
 38 295.812077   8.030434    16.313    16.408  6 53543.59851392 21.517
 39 295.813571   8.027189    19.062    18.990  5 53578.59849687 45.312
 40 295.812757   8.031283    19.655    19.688  6 53613.59844921 26.291
 41 295.817251   8.023530    17.372    17.512  4 53648.59845652 23.325
 42 295.810527   8.030352    23.288    20.225  5 53683.59847024 33.947
 43 295.817866   8.026322    13.985    14.087  6 53718.59839773 25.251
 44 295.822302   8.023276    10.301    10.697  7 53753.59831971 19.779
 45 295.819134   8.025721    11.436    11.595  6 53788.59834939 17.561
 46 295.820307   8.024666    12.179    12.320  6 53823.59830445 14.194
 47 295.812765   8.030326    25.835    30.603  4 53858.59839633 19.204
 49 295.806514   8.032446    28.012    23.946  5 53928.59846857 24.786
 50 295.809397   8.031713    20.852    21.009  5 53963.59845031 30.727
 51 295.818365   8.021946    43.580    39.808  3 53998.59840158 17.732
 52 295.817911   8.024599    23.689    23.094  6 54033.59844931 28.601
 54 295.815354   8.032209    12.744    12.951  5 54103.59839936 21.081
 55 295.816167   8.029756     8.929     8.714  5 54138.59837197 21.602
 56 295.815462   8.032594     8.241     7.843  5 54173.59837789 16.387
 57 295.815340   8.030518    12.392    12.337  6 54208.59837767 13.999
 58 295.816210   8.028356    14.087    14.084  6 54243.59840936 17.445
 59 295.815298   8.025154    16.048    15.812  4 54278.59842322 20.828
 60 295.817601   8.029951    35.519    37.856  6 54313.59842235 29.070
 61 295.815345   8.026586    20.397    20.180  6 54348.59839356 27.329
 62 295.816920   8.027734    18.841    18.775  6 54383.59836066 37.616
 63 295.815435   8.030469    16.633    16.653  5 54418.59834264 24.349
 64 295.816715   8.027436    15.547    15.798  7 54453.59833116 17.628
 65 295.816737   8.027453    13.989    14.230  7 54488.59834183 15.960
 66 295.817655   8.028243    11.132    11.865  7 54523.59834408 14.730
 67 295.815922   8.031304     9.819     9.374  5 54558.59835032 14.647
 68 295.815445   8.028011    12.710    12.951  7 54593.59833984 13.905
 69 295.815680   8.030492    14.546    14.506  6 54628.59835458 20.185
 70 295.814156   8.029653    30.892    33.925  5 54663.59836175 39.769
 71 295.816770   8.027694    21.323    21.292  6 54698.59833500 45.280
 72 295.815905   8.027024    18.649    18.470  5 54733.59831998 26.500
 73 295.815433   8.023990    21.643    22.147  5 54768.59831612 24.222
 74 295.815458   8.030141    15.637    15.445  6 54803.59831317 23.859
 75 295.815966   8.027137    12.041    11.806  5 54838.59830868 22.597
 76 295.816008   8.030793    11.987    11.707  6 54873.59831302 14.763
 77 295.814570   8.033550    10.243     9.481  5 54908.59831440 15.253
 78 295.815430   8.030224    11.390    11.281  5 54943.59830507 17.418
 79 295.815034   8.029897    14.590    13.302  7 54978.59833272 11.667
 80 295.813905   8.022278    13.777    13.777  2 55013.59833997 15.367
 81 295.816366   8.027162    28.874    29.423  6 55048.59833161 24.959
 82 295.815689   8.030255    18.259    18.128  5 55083.59830075 28.350
 83 295.817755   8.029573    15.758    15.814  6 55118.59826351 24.814
 84 295.815167   8.030945    14.672    14.785  6 55153.59825959 15.577
 85 295.816151   8.031357    11.076    10.402  5 55188.59825149 17.730
 86 295.815920   8.032441     8.206     8.133  5 55223.59825878 18.243
 87 295.817744   8.033342     6.777     7.011  3 55258.59824721 24.691
 88 295.815866   8.031989     8.890     8.338  4 55293.59824523 21.970
 89 295.814264   8.030383    13.144    13.036  7 55328.59823041 17.956
 90 295.815345   8.027577    21.091    16.483  5 55363.59822632 23.721
 91 295.815077   8.024307    48.548    51.645  3 55398.59823591  9.186
 92 295.817532   8.027510    20.794    20.644  6 55433.59824180 33.110
 93 295.815033   8.023847    19.073    19.160  3 55468.59819962 28.634
