#    0.000   0.000   0.000 ;Mean Elev.(m), Avg Gradient(m/km), RMS Gradient(m/km) - SRTM1     
#    0.000   0.000   0.000 ;Mean Elev.(m), Avg Gradient(m/km), RMS Gradient(m/km) - ASTER GDEM
#   26.359  -2.825  19.038 ;Mean Elev.(m), Avg Gradient(m/km), RMS Gradient(m/km) - GMTED2010 
  8 293.160530   7.216853    38.659    38.655 10 52492.09938334 50.109
 10 293.153832   7.212246    35.659    35.910  7 52562.09941169 31.270
 12 293.152614   7.209766    32.914    32.770  6 52632.09936867 18.451
 13 293.151527   7.208798    28.484    28.372  6 52667.09938855 40.595
 14 293.159067   7.215590    27.575    27.292 10 52702.09936037 40.827
 15 293.154730   7.213850    27.801    27.831  7 52737.09940207 34.355
 16 293.155323   7.213267    32.884    32.777  8 52772.09937067 50.479
 17 293.150353   7.209239    35.724    35.739  6 52807.09942494 33.697
 18 293.152606   7.210736    38.201    38.205  7 52842.09948401 49.820
 19 293.151579   7.210055    38.580    38.567  6 52877.09952238 51.693
 20 293.160126   7.216634    36.956    36.952 10 52912.09948175 30.670
 21 293.156902   7.212984    35.810    35.989  8 52947.09943784 26.819
 23 293.152812   7.210945    31.151    30.806  6 53017.09947042 36.746
 24 293.155170   7.211199    27.887    27.936  7 53052.09944984 37.676
 25 293.146772   7.205034    28.202    28.162  4 53087.09948534 19.038
 26 293.151980   7.208624    30.727    30.471  6 53122.09945613 40.712
 27 293.147327   7.205265    35.384    35.319  5 53157.09951182 28.525
 28 293.157218   7.212924    37.566    37.527  8 53192.09950555 24.773
 29 293.156336   7.212586    38.383    38.370  8 53227.09950657 44.148
 30 293.150686   7.210277    37.967    37.948  6 53262.09947966 50.682
 31 293.145190   7.203581    36.392    36.385  4 53297.09951439 26.200
 32 293.153418   7.210694    34.102    33.939  6 53332.09948740 30.969
 33 293.156373   7.212280    32.010    31.955  8 53367.09943302 36.956
 35 293.155070   7.211377    28.539    28.614  7 53437.09944997 28.734
 36 293.149908   7.207514    29.105    28.984  6 53472.09950181 50.727
 37 293.150801   7.208664    34.821    34.891  6 53507.09953279 37.275
 38 293.150268   7.207933    36.378    36.297  5 53542.09953958 42.798
 39 293.151321   7.211273    36.873    36.855  6 53577.09952729 51.255
 40 293.151328   7.210463    37.358    37.342  6 53612.09947927 35.443
 41 293.153534   7.211602    35.418    35.337  6 53647.09948421 30.381
 42 293.148394   7.207881    34.073    33.924  5 53682.09949921 42.372
 43 293.156665   7.212388    33.195    32.936  8 53717.09942729 16.577
 44 293.157937   7.214017    30.521    30.807  9 53752.09934686 21.193
 45 293.157039   7.212355    30.913    30.673  8 53787.09937672 21.061
 46 293.156274   7.215329    29.614    29.294  8 53822.09933199 25.311
 47 293.149404   7.207646    31.715    31.817  5 53857.09942188 47.267
 48 293.156896   7.213967    35.125    35.155  9 53892.09943590 22.351
 49 293.144374   7.202204    37.516    37.518  4 53927.09949488 27.770
 50 293.147760   7.205960    38.493    38.457  5 53962.09947983 31.398
 51 293.154237   7.211917    36.998    37.011  7 53997.09942443 46.105
 52 293.154944   7.211813    35.001    35.041  7 54032.09947607 46.425
 53 293.155373   7.211907    34.887    34.855  7 54067.09946950 46.420
 54 293.153520   7.211082    32.307    31.970  6 54102.09943006 18.693
 55 293.152058   7.212071    28.745    28.777  6 54137.09939801 29.322
 56 293.152732   7.211115    27.583    27.464  7 54172.09940725 29.508
 57 293.151449   7.210405    31.120    31.090  6 54207.09940269 43.765
 58 293.153277   7.211448    34.046    33.989  6 54242.09943591 39.432
 59 293.153013   7.211718    36.228    36.515  7 54277.09945029 35.083
 60 293.154131   7.211834    38.416    38.431  7 54312.09945064 37.942
 61 293.154411   7.211526    38.071    38.042  7 54347.09942332 42.750
 62 293.153226   7.211601    36.978    36.981  6 54382.09938766 50.460
 63 293.153096   7.212317    35.045    35.020  6 54417.09937244 20.430
 64 293.152531   7.211096    32.914    32.999  6 54452.09935677 17.436
 65 293.154511   7.212587    32.762    32.847  7 54487.09936962 15.553
 66 293.153899   7.212496    28.824    28.832  6 54522.09937014 26.499
 67 293.153428   7.211246    29.229    28.496  7 54557.09937971 26.281
 68 293.152331   7.210853    31.122    30.842  6 54592.09936650 23.544
 69 293.152624   7.212231    34.462    34.525  6 54627.09938212 21.512
 70 293.151034   7.210334    37.799    37.818  6 54662.09938931 45.619
 71 293.154505   7.212638    38.244    38.207  7 54697.09936540 46.073
 72 293.152416   7.211657    36.805    36.758  6 54732.09934623 46.861
 73 293.153597   7.212116    34.933    35.007  7 54767.09934399 21.921
 74 293.151974   7.209265    34.456    34.369  6 54802.09933903 24.161
 75 293.153075   7.212031    32.778    32.646  6 54837.09933686 15.870
 76 293.152620   7.210501    31.794    31.638  6 54872.09933821 18.890
 77 293.152228   7.210297    29.782    28.765  6 54907.09934372 29.607
 78 293.151645   7.210285    30.519    30.820  5 54942.09933121 25.809
 79 293.151906   7.210648    32.030    31.778  6 54977.09935934 31.272
 80 293.152470   7.211749    33.096    32.763  6 55012.09936734  4.352
 81 293.153517   7.210841    37.788    37.783  6 55047.09935925 48.460
 82 293.153813   7.212088    37.264    37.252  7 55082.09933163 47.117
 83 293.153639   7.210795    34.801    34.773  6 55117.09929098 18.852
 84 293.152555   7.210744    32.177    31.993  6 55152.09928864 36.125
 85 293.151791   7.211146    28.000    29.071  6 55187.09927800 31.295
 86 293.152554   7.211861    27.859    27.622  6 55222.09928776 27.015
 87 293.153716   7.211631    26.849    26.881  7 55257.09927360 27.050
 88 293.153220   7.210954    27.804    27.772  6 55292.09927570 49.649
 89 293.151241   7.209008    33.860    33.845  6 55327.09925832 49.260
 90 293.153040   7.211212    37.025    37.046  6 55362.09925445 51.887
 91 293.152653   7.209309    38.251    38.251  6 55397.09926139 51.197
 92 293.154568   7.212133    38.574    38.560  7 55432.09926991 51.343
 93 293.154892   7.213149    36.575    36.619  7 55467.09922940 37.175
