#    0.000   0.000   0.000 ;Mean Elev.(m), Avg Gradient(m/km), RMS Gradient(m/km) - SRTM1     
# NaN NaN NaN ;Mean Elev.(m), Avg Gradient(m/km), RMS Gradient(m/km) - ASTER GDEM
#    8.147  -0.512  17.795 ;Mean Elev.(m), Avg Gradient(m/km), RMS Gradient(m/km) - GMTED2010 
  7     2.686 52445.08373295 25.61 298.584499   8.583512 13.281
  7     2.309 52445.08373359 20.69 298.583759   8.586822 13.281
  7     2.221 52445.08373424 17.16 298.583019   8.590122 13.281
  7     2.311 52445.08373488 16.42 298.582287   8.593436 22.722
  7     2.215 52445.08373553 16.80 298.581547   8.596736 22.722
  7     2.132 52445.08373617 17.54 298.580807   8.600046 22.722
  7     2.093 52445.08373681 17.79 298.580077   8.603346 22.722
  7     2.297 52445.08373746 20.96 298.579337   8.606646 22.722
  8     3.924 52480.08372497 35.74 298.590823   8.582124 17.116
  8     3.726 52480.08372562 27.94 298.590083   8.585424 17.116
  8     3.568 52480.08372626 23.82 298.589343   8.588724 17.116
  8     3.410 52480.08372691 21.13 298.588612   8.592039 27.426
  8     3.692 52480.08372755 20.70 298.587872   8.595339 27.426
  8     3.589 52480.08372819 22.05 298.587132   8.598649 27.426
  8     3.629 52480.08372884 21.33 298.586392   8.601949 27.426
  8     3.785 52480.08372948 23.10 298.585662   8.605249 27.426
  8     3.982 52480.08373013 30.99 298.584922   8.608559 27.426
  9     4.150 52515.08367260 32.33 298.602364   8.580661 18.597
  9     4.207 52515.08367325 27.98 298.601624   8.583961 18.597
  9     4.091 52515.08367389 25.87 298.600894   8.587261 18.597
  9     3.931 52515.08367454 22.11 298.600148   8.590566 25.634
  9     3.617 52515.08367518 21.03 298.599418   8.593876 25.634
  9     3.700 52515.08367583 21.17 298.598678   8.597176 25.634
  9     3.636 52515.08367647 21.52 298.597938   8.600486 25.634
  9     3.631 52515.08367712 21.84 298.597208   8.603786 25.634
  9     3.826 52515.08367776 25.77 298.596468   8.607096 25.634
  9     4.083 52515.08367841 26.75 298.595728   8.610396 25.634
 11     2.295 52585.08369768 16.67 298.603459   8.579444  7.970
 11     2.296 52585.08369833 17.00 298.602729   8.582744  7.970
 11     2.191 52585.08369897 16.88 298.601989   8.586054  7.970
 11     2.094 52585.08369961 16.55 298.601249   8.589354  7.970
 11     2.076 52585.08370026 16.47 298.600509   8.592664  7.970
 11     2.122 52585.08370090 16.32 298.599779   8.595964  7.970
 11     2.158 52585.08370155 16.32 298.599039   8.599264  7.970
 11     2.178 52585.08370219 16.30 298.598299   8.602574  7.970
 11     2.188 52585.08370284 16.37 298.597559   8.605874  7.970
 11     2.131 52585.08370348 19.83 298.596827   8.609188 25.181
 11     2.302 52585.08370413 21.98 298.596087   8.612488 25.181
 12     1.592 52620.08367878 22.15 298.593576   8.583357  9.094
 12     1.168 52620.08367942 18.48 298.592836   8.586657  9.094
 12     1.065 52620.08368007 18.05 298.592096   8.589967  9.094
 12     0.854 52620.08368071 18.68 298.591356   8.593267  9.094
 12     0.675 52620.08368136 19.34 298.590626   8.596577  9.094
 12     0.682 52620.08368200 20.99 298.589880   8.599873 24.793
 12     0.775 52620.08368265 21.87 298.589150   8.603183 24.793
 12     1.707 52620.08368329 19.77 298.588410   8.606483 24.793
 12     2.560 52620.08368393 24.86 298.587670   8.609793 24.793
 14     1.364 52690.08366123 23.44 298.596341   8.581393 12.766
 14     1.265 52690.08366187 18.26 298.595601   8.584703 12.766
 14     1.010 52690.08366252 16.46 298.594861   8.588003 12.766
 14     0.924 52690.08366316 16.29 298.594131   8.591313 12.766
 14     0.776 52690.08366381 17.06 298.593391   8.594613 12.766
 14     0.939 52690.08366445 16.98 298.592651   8.597923 12.766
 14     0.882 52690.08366510 16.98 298.591921   8.601223 12.766
 14     1.047 52690.08366574 16.41 298.591181   8.604533 12.766
 14     1.205 52690.08366639 16.66 298.590441   8.607833 12.766
 14     1.190 52690.08366703 16.57 298.589701   8.611143 12.766
 15     0.503 52725.08370480 15.09 298.596803   8.580815  2.352
 15     0.169 52725.08370544 16.16 298.596071   8.584111  8.032
 15    -0.057 52725.08370609 17.32 298.595331   8.587421  8.032
 15    -0.358 52725.08370673 18.95 298.594591   8.590721  8.032
 15    -0.223 52725.08370738 18.94 298.593861   8.594031  8.032
 15    -0.060 52725.08370802 18.78 298.593121   8.597331  8.032
 15    -0.147 52725.08370866 18.81 298.592381   8.600641  8.032
 15    -0.177 52725.08370931 20.75 298.591641   8.603941  8.032
 15    -0.058 52725.08370995 19.59 298.590901   8.607251  8.032
 15     0.026 52725.08371060 17.14 298.590171   8.610551  8.032
 16     0.797 52760.08372385 14.74 298.584731   8.583678  2.838
 16     0.786 52760.08372450 14.73 298.583991   8.586988  2.838
 16     0.872 52760.08372514 15.64 298.583261   8.590288  2.838
 16     0.979 52760.08372579 15.51 298.582515   8.593602 17.624
 16     1.018 52760.08372643 15.61 298.581785   8.596902 17.624
 16     1.105 52760.08372708 17.64 298.581045   8.600212 17.624
 16     1.242 52760.08372772 25.29 298.580305   8.603512 17.624
 16     1.324 52760.08372837 26.48 298.579575   8.606812 17.624
 17     2.306 52795.08367901 27.99 298.600338   8.578484  7.414
 17     2.368 52795.08367965 18.86 298.599608   8.581784  7.414
 17     2.091 52795.08368029 16.87 298.598868   8.585094  7.414
 17     2.009 52795.08368094 15.96 298.598128   8.588394  7.414
 17     2.017 52795.08368158 16.73 298.597390   8.591708 13.308
 17     1.997 52795.08368223 16.33 298.596650   8.595008 13.308
 17     2.044 52795.08368287 15.94 298.595920   8.598308 13.308
 17     2.011 52795.08368352 15.88 298.595180   8.601618 13.308
 17     2.078 52795.08368416 16.07 298.594440   8.604918 13.308
 17     1.965 52795.08368481 19.27 298.593700   8.608228 13.308
 17     1.911 52795.08368545 18.39 298.592960   8.611528 13.308
 18     3.200 52830.08374599 51.62 298.601686   8.579887 19.202
 18     3.226 52830.08374664 53.34 298.600956   8.583197 19.202
 18     3.086 52830.08374728 50.59 298.600216   8.586497 19.202
 18     3.128 52830.08374793 51.22 298.599476   8.589797 19.202
 18     3.177 52830.08374857 50.34 298.598738   8.593111 32.729
 18     3.233 52830.08374922 50.77 298.597998   8.596411 32.729
 18     3.255 52830.08374986 48.93 298.597268   8.599711 32.729
 18     3.223 52830.08375051 49.60 298.596528   8.603021 32.729
 18     3.242 52830.08375115 53.00 298.595788   8.606321 32.729
 18     3.229 52830.08375180 48.96 298.595048   8.609631 32.729
 18     3.277 52830.08375244 50.32 298.594308   8.612931 32.729
 19     4.086 52865.08378989 51.63 298.604357   8.578870 20.369
 19     4.193 52865.08379053 49.22 298.603617   8.582170 20.369
 19     4.191 52865.08379118 50.03 298.602887   8.585470 20.369
 19     4.113 52865.08379182 51.17 298.602147   8.588780 20.369
 19     4.091 52865.08379247 48.10 298.601407   8.592080 20.369
 19     4.112 52865.08379311 51.01 298.600672   8.595394 30.599
 19     4.177 52865.08379376 50.09 298.599932   8.598694 30.599
 19     4.236 52865.08379440 48.39 298.599192   8.602004 30.599
 19     4.272 52865.08379505 48.17 298.598462   8.605304 30.599
 19     4.275 52865.08379569 46.71 298.597722   8.608604 30.599
 19     4.280 52865.08379633 47.12 298.596982   8.611914 30.599
 20     4.208 52900.08381956 41.96 298.594578   8.581493 22.665
 20     3.922 52900.08382021 29.36 298.593838   8.584793 22.665
 20     3.667 52900.08382085 23.80 298.593098   8.588103 22.665
 20     3.544 52900.08382149 21.96 298.592358   8.591403 22.665
 20     3.523 52900.08382214 19.96 298.591628   8.594718 30.045
 20     2.644 52900.08382278 21.52 298.590888   8.598018 30.045
 20     2.987 52900.08382343 21.92 298.590148   8.601318 30.045
 20     3.774 52900.08382407 22.52 298.589408   8.604628 30.045
 20     3.993 52900.08382472 25.46 298.588678   8.607928 30.045
 20     4.394 52900.08382536 36.60 298.587938   8.611238 30.045
 21     3.415 52935.08376241 35.09 298.594165   8.582291 14.229
 21     3.061 52935.08376305 27.61 298.593425   8.585591 14.229
 21     2.961 52935.08376369 21.04 298.592685   8.588901 14.229
 21     2.895 52935.08376434 19.95 298.591945   8.592201 14.229
 21     2.916 52935.08376498 18.18 298.591215   8.595501 14.229
 21     2.659 52935.08376563 19.34 298.590470   8.598816 27.010
 21     2.550 52935.08376627 19.95 298.589740   8.602116 27.010
 21     2.736 52935.08376692 19.61 298.589000   8.605416 27.010
 21     2.936 52935.08376756 22.34 298.588260   8.608726 27.010
 21     3.072 52935.08376821 33.03 298.587520   8.612026 27.010
 22     3.474 52970.08378048 37.49 298.594949   8.581788 18.559
 22     2.928 52970.08378112 25.81 298.594209   8.585088 18.559
 22     2.458 52970.08378177 20.55 298.593479   8.588398 18.559
 22     2.213 52970.08378241 18.71 298.592739   8.591698 18.559
 22     2.650 52970.08378306 15.08 298.591999   8.595008 18.559
 22     2.651 52970.08378370 15.54 298.591259   8.598308 18.559
 22     2.595 52970.08378435 15.48 298.590519   8.601618 18.559
 22     2.677 52970.08378499 15.81 298.589789   8.604918 18.559
 22     2.772 52970.08378564 19.04 298.589049   8.608228 18.559
 22     3.023 52970.08378628 28.70 298.588309   8.611528 18.559
 23     2.333 53005.08379755 27.27 298.589385   8.582481 14.604
 23     1.978 53005.08379819 24.02 298.588645   8.585791 14.604
 23     1.591 53005.08379884 16.59 298.587905   8.589091 14.604
 23     1.014 53005.08379948 17.91 298.587174   8.592405 21.280
 23     1.481 53005.08380013 18.01 298.586434   8.595705 21.280
 23     1.090 53005.08380077 21.27 298.585694   8.599015 21.280
 23     1.646 53005.08380142 24.69 298.584964   8.602315 21.280
 23     1.866 53005.08380206 26.03 298.584224   8.605615 21.280
 23     1.870 53005.08380271 24.23 298.583484   8.608925 21.280
 24     2.223 53040.08374780 23.88 298.591223   8.582613 12.458
 24     1.716 53040.08374845 20.40 298.590483   8.585913 12.458
 24     1.105 53040.08374909 20.23 298.589744   8.589226 11.858
 24     0.521 53040.08374974 20.72 298.589004   8.592526 11.858
 24    -0.025 53040.08375038 21.44 298.588274   8.595836 11.858
 24     0.624 53040.08375103 21.58 298.587534   8.599136 11.858
 24     0.768 53040.08375167 21.75 298.586794   8.602436 11.858
 24     1.017 53040.08375232 21.26 298.586054   8.605746 11.858
 24     1.109 53040.08375296 21.30 298.585314   8.609046 11.858
 25     1.795 53075.08377897 37.71 298.592871   8.581003 10.402
 25     1.362 53075.08377962 24.02 298.592131   8.584303 10.402
 25    -2.008 53075.08378026 24.37 298.591401   8.587618 12.612
 25    -1.553 53075.08378091 25.24 298.590661   8.590918 12.612
 25    -1.080 53075.08378155 23.44 298.589921   8.594218 12.612
 25    -0.715 53075.08378220 22.71 298.589181   8.597528 12.612
 25     0.175 53075.08378284 22.13 298.588451   8.600828 12.612
 25     0.720 53075.08378348 21.79 298.587711   8.604138 12.612
 25     0.900 53075.08378413 21.73 298.586971   8.607438 12.612
 25     1.009 53075.08378477 20.80 298.586231   8.610748 12.612
 26     1.053 53110.08374947 17.76 298.588389   8.583270 12.396
 26     0.276 53110.08375011 17.71 298.587659   8.586580 12.396
 26     0.112 53110.08375076 18.67 298.586919   8.589880 12.396
 26    -0.077 53110.08375140 19.06 298.586179   8.593180 12.396
 26     0.185 53110.08375205 19.04 298.585439   8.596490 12.396
 26     0.272 53110.08375269 21.40 298.584699   8.599790 12.396
 26     0.672 53110.08375334 21.10 298.583969   8.603100 12.396
 26     0.704 53110.08375398 21.56 298.583229   8.606400 12.396
 26     0.473 53110.08375463 23.26 298.582489   8.609710 12.396
 27     1.959 53145.08379090 37.68 298.593175   8.580635  8.316
 27     2.024 53145.08379154 39.22 298.592441   8.583949 17.784
 27     1.933 53145.08379219 37.33 298.591701   8.587249 17.784
 27     1.947 53145.08379283 36.59 298.590961   8.590559 17.784
 27     1.958 53145.08379348 34.22 298.590231   8.593859 17.784
 27     1.712 53145.08379412 26.97 298.589491   8.597159 17.784
 27     1.397 53145.08379476 26.42 298.588751   8.600469 17.784
 27     1.371 53145.08379541 24.60 298.588011   8.603769 17.784
 27     1.375 53145.08379605 23.48 298.587281   8.607079 17.784
 27     1.507 53145.08379670 23.11 298.586541   8.610379 17.784
 28     2.983 53180.08380320 24.26 298.599171   8.581418 11.492
 28     2.810 53180.08380384 22.51 298.598431   8.584728 11.492
 28     2.694 53180.08380449 20.01 298.597691   8.588028 11.492
 28     2.704 53180.08380513 18.81 298.596951   8.591328 11.492
 28     2.824 53180.08380578 17.16 298.596219   8.594643 21.589
 28     2.794 53180.08380642 17.18 298.595479   8.597943 21.589
 28     2.787 53180.08380707 17.98 298.594739   8.601243 21.589
 28     2.791 53180.08380771 18.02 298.594009   8.604553 21.589
 28     2.615 53180.08380836 19.00 298.593269   8.607853 21.589
 28     2.601 53180.08380900 22.52 298.592529   8.611163 21.589
 29     4.121 53215.08382506 47.47 298.594099   8.580412 17.911
 29     3.943 53215.08382570 31.66 298.593359   8.583722 17.911
 29     3.788 53215.08382635 26.31 298.592619   8.587022 17.911
 29     3.701 53215.08382699 24.95 298.591879   8.590322 17.911
 29     3.556 53215.08382764 23.07 298.591147   8.593637 27.831
 29     3.425 53215.08382828 22.13 298.590407   8.596937 27.831
 29     3.250 53215.08382892 23.22 298.589667   8.600237 27.831
 29     3.198 53215.08382957 23.66 298.588937   8.603547 27.831
 29     3.615 53215.08383021 24.11 298.588197   8.606847 27.831
 29     4.051 53215.08383086 29.69 298.587457   8.610157 27.831
 30     4.330 53250.08379549 34.07 298.596548   8.579794 16.674
 30     4.209 53250.08379613 32.54 298.595808   8.583104 16.674
 30     4.187 53250.08379678 32.25 298.595078   8.586404 16.674
 30     4.062 53250.08379742 30.15 298.594332   8.589717 27.650
 30     4.094 53250.08379807 28.12 298.593602   8.593017 27.650
 30     4.030 53250.08379871 27.37 298.592862   8.596317 27.650
 30     3.930 53250.08379935 27.11 298.592122   8.599627 27.650
 30     4.034 53250.08380000 25.94 298.591382   8.602927 27.650
 30     4.077 53250.08380064 25.86 298.590652   8.606237 27.650
 30     4.211 53250.08380129 28.73 298.589912   8.609537 27.650
 31     3.805 53285.08379339 30.10 298.589201   8.583992 21.273
 31     3.438 53285.08379403 24.44 298.588461   8.587292 21.273
 31     3.349 53285.08379467 21.01 298.587731   8.590592 21.273
 31     3.329 53285.08379532 19.89 298.586991   8.593902 21.273
 31     3.353 53285.08379596 19.94 298.586251   8.597202 21.273
 31     3.397 53285.08379661 19.97 298.585511   8.600512 21.273
 31     3.477 53285.08379725 21.12 298.584771   8.603812 21.273
 31     3.439 53285.08379790 24.62 298.584041   8.607122 21.273
 31     3.588 53285.08379854 30.65 298.583301   8.610422 21.273
 32     2.554 53320.08377635 19.81 298.603102   8.580072 10.037
 32     2.590 53320.08377700 19.16 298.602362   8.583372 10.037
 32     2.587 53320.08377764 18.18 298.601622   8.586682 10.037
 32     2.292 53320.08377829 17.04 298.600892   8.589982 10.037
 32     2.331 53320.08377893 16.53 298.600152   8.593292 10.037
 32     2.407 53320.08377958 15.94 298.599412   8.596592 10.037
 32     2.381 53320.08378022 16.34 298.598672   8.599902 10.037
 32     2.377 53320.08378087 16.32 298.597938   8.603207 21.034
 32     2.358 53320.08378151 16.80 298.597198   8.606507 21.034
 32     2.444 53320.08378216 18.88 298.596458   8.609807 21.034
 32     2.540 53320.08378280 21.56 298.595728   8.613117 21.034
 33     1.954 53355.08374446 46.83 298.602907   8.580070 14.439
 33     1.982 53355.08374511 47.63 298.602177   8.583380 14.439
 33     2.158 53355.08374575 43.24 298.601437   8.586680 14.439
 33     2.135 53355.08374640 44.28 298.600697   8.589990 14.439
 33     2.092 53355.08374704 38.32 298.599957   8.593290 14.439
 33     2.035 53355.08374768 35.58 298.599227   8.596590 14.439
 33     1.996 53355.08374833 37.49 298.598480   8.599896 18.011
 33     1.985 53355.08374897 38.05 298.597750   8.603206 18.011
 33     1.996 53355.08374962 44.82 298.597010   8.606506 18.011
 33     1.991 53355.08375026 45.32 298.596270   8.609816 18.011
 33     1.998 53355.08375091 45.55 298.595540   8.613116 18.011
 34     2.530 53390.08375208 23.97 298.593948   8.581437  8.666
 34     1.976 53390.08375272 24.28 298.593208   8.584737  8.666
 34     0.367 53390.08375337 24.41 298.592470   8.588050 17.083
 34    -0.005 53390.08375401 25.26 298.591730   8.591350 17.083
 34    -0.770 53390.08375466 28.10 298.590990   8.594660 17.083
 34    -0.034 53390.08375530 27.46 298.590260   8.597960 17.083
 34     0.243 53390.08375595 28.69 298.589520   8.601270 17.083
 34     0.553 53390.08375659 29.31 298.588780   8.604570 17.083
 34     0.825 53390.08375724 31.73 298.588040   8.607870 17.083
 34     0.741 53390.08375788 40.26 298.587310   8.611180 17.083
 35     1.357 53425.08374946 22.24 298.601824   8.580707 10.599
 35     1.133 53425.08375010 22.71 298.601084   8.584007 10.599
 35    -0.206 53425.08375075 23.62 298.600344   8.587307 10.599
 35    -1.352 53425.08375139 24.29 298.599615   8.590621  8.820
 35     0.061 53425.08375203 24.68 298.598875   8.593921  8.820
 35    -0.605 53425.08375268 25.11 298.598135   8.597231  8.820
 35     0.493 53425.08375332 25.16 298.597395   8.600531  8.820
 35     0.916 53425.08375397 24.33 298.596665   8.603831  8.820
 35     1.221 53425.08375461 24.03 298.595925   8.607141  8.820
 35     1.187 53425.08375526 23.43 298.595185   8.610441  8.820
 36     0.973 53460.08375446 20.55 298.601626   8.578780  8.255
 36     0.825 53460.08375510 21.74 298.600886   8.582090  8.255
 36     0.672 53460.08375575 21.79 298.600146   8.585390  8.255
 36    -0.230 53460.08375639 22.54 298.599409   8.588702 10.046
 36    -0.079 53460.08375704 23.42 298.598669   8.592002 10.046
 36     0.060 53460.08375768 24.01 298.597929   8.595312 10.046
 36     0.156 53460.08375833 24.48 298.597199   8.598612 10.046
 36     0.272 53460.08375897 24.28 298.596459   8.601922 10.046
 36     0.753 53460.08375962 24.59 298.595719   8.605222 10.046
 36     0.831 53460.08376026 25.05 298.594979   8.608522 10.046
 36     0.905 53460.08376091 24.77 298.594239   8.611832 10.046
 37     1.828 53495.08384079 44.07 298.587505   8.583478  6.632
 37     1.871 53495.08384144 45.38 298.586765   8.586778  6.632
 37     1.783 53495.08384208 48.31 298.586031   8.590091 20.127
 37     1.846 53495.08384273 43.84 298.585291   8.593391 20.127
 37     1.877 53495.08384337 44.20 298.584551   8.596701 20.127
 37     1.705 53495.08384402 44.58 298.583821   8.600001 20.127
 37     1.713 53495.08384466 48.31 298.583081   8.603311 20.127
 37     1.741 53495.08384531 47.18 298.582341   8.606611 20.127
 37     1.801 53495.08384595 46.94 298.581601   8.609911 20.127
 38     2.587 53530.08381510 49.74 298.602343   8.579329 10.081
 38     2.611 53530.08381575 51.60 298.601603   8.582639 10.081
 38     2.701 53530.08381639 49.40 298.600863   8.585939 10.081
 38     2.613 53530.08381703 51.19 298.600132   8.589244 22.639
 38     2.555 53530.08381768 51.75 298.599392   8.592554 22.639
 38     2.605 53530.08381832 47.81 298.598652   8.595854 22.639
 38     2.672 53530.08381897 48.28 298.597922   8.599164 22.639
 38     2.675 53530.08381961 47.49 298.597182   8.602464 22.639
 38     2.680 53530.08382026 48.51 298.596442   8.605774 22.639
 38     2.672 53530.08382090 52.31 298.595702   8.609074 22.639
 38     2.696 53530.08382155 46.92 298.594962   8.612384 22.639
 39     3.362 53565.08384619 50.37 298.589126   8.584879 10.482
 39     3.496 53565.08384684 45.62 298.588396   8.588189 10.482
 39     3.360 53565.08384748 47.86 298.587657   8.591485 18.873
 39     3.356 53565.08384813 47.19 298.586917   8.594795 18.873
 39     3.409 53565.08384877 43.84 298.586177   8.598095 18.873
 39     3.443 53565.08384942 42.46 298.585437   8.601405 18.873
 39     3.446 53565.08385006 44.45 298.584707   8.604705 18.873
 39     3.429 53565.08385071 45.23 298.583967   8.608015 18.873
 40     3.820 53600.08378748 46.13 298.599126   8.581586 13.553
 40     3.865 53600.08378812 44.76 298.598386   8.584896 13.553
 40     3.758 53600.08378877 43.56 298.597656   8.588196 13.553
 40     3.851 53600.08378941 43.22 298.596919   8.591511 18.330
 40     3.900 53600.08379006 40.69 298.596179   8.594811 18.330
 40     3.777 53600.08379070 35.15 298.595439   8.598111 18.330
 40     3.756 53600.08379135 32.25 298.594699   8.601421 18.330
 40     3.328 53600.08379199 29.95 298.593969   8.604721 18.330
 40     3.163 53600.08379263 28.86 298.593229   8.608031 18.330
 40     3.461 53600.08379328 27.62 298.592489   8.611331 18.330
 41     3.430 53635.08378468 32.28 298.590993   8.582505 18.307
 41     3.156 53635.08378532 26.20 298.590253   8.585815 18.307
 41     3.081 53635.08378597 19.97 298.589515   8.589119 23.248
 41     2.724 53635.08378661 19.25 298.588775   8.592419 23.248
 41     2.997 53635.08378726 18.16 298.588045   8.595719 23.248
 41     3.107 53635.08378790 18.02 298.587305   8.599029 23.248
 41     3.380 53635.08378855 19.74 298.586565   8.602329 23.248
 41     3.472 53635.08378919 21.47 298.585825   8.605639 23.248
 41     3.185 53635.08378983 28.18 298.585085   8.608939 23.248
 42     2.737 53670.08380603 29.19 298.590087   8.583106 14.164
 42     2.476 53670.08380668 18.89 298.589347   8.586406 14.164
 42     2.015 53670.08380732 16.84 298.588615   8.589720 20.950
 42     1.671 53670.08380797 16.06 298.587875   8.593020 20.950
 42     1.617 53670.08380861 16.06 298.587135   8.596330 20.950
 42     1.770 53670.08380926 14.99 298.586405   8.599630 20.950
 42     1.889 53670.08380990 18.34 298.585665   8.602930 20.950
 42     2.182 53670.08381055 22.46 298.584925   8.606240 20.950
 42     2.465 53670.08381119 28.42 298.584185   8.609540 20.950
 43     2.427 53705.08374040 18.53 298.603902   8.577355  9.040
 43     2.497 53705.08374105 19.76 298.603162   8.580655  9.040
 43     2.449 53705.08374169 20.77 298.602422   8.583965  9.040
 43     2.405 53705.08374233 17.62 298.601692   8.587265  9.040
 43     2.241 53705.08374298 16.93 298.600952   8.590575  9.040
 43     2.198 53705.08374362 17.39 298.600212   8.593875  9.040
 43     2.232 53705.08374427 16.68 298.599482   8.597175  9.040
 43     2.183 53705.08374491 16.94 298.598743   8.600490 11.019
 43     2.269 53705.08374556 16.44 298.598003   8.603790 11.019
 43     2.149 53705.08374620 16.72 298.597263   8.607090 11.019
 43     2.144 53705.08374685 17.79 298.596523   8.610400 11.019
 43     2.264 53705.08374749 20.80 298.595793   8.613700 11.019
 44     1.515 53740.08365176 33.90 298.603135   8.578236  9.832
 44     1.557 53740.08365241 33.84 298.602405   8.581546  9.832
 44     1.519 53740.08365305 31.50 298.601665   8.584846  9.832
 44     1.015 53740.08365370 27.05 298.600925   8.588156  9.832
 44     0.644 53740.08365434 28.18 298.600195   8.591456  9.832
 44     0.610 53740.08365499 28.37 298.599455   8.594766  9.832
 44     0.901 53740.08365563 27.80 298.598714   8.598072  7.241
 44     1.049 53740.08365628 28.53 298.597984   8.601372  7.241
 44     1.112 53740.08365692 29.32 298.597244   8.604672  7.241
 44     1.570 53740.08365757 31.49 298.596504   8.607982  7.241
 44     1.598 53740.08365821 33.77 298.595764   8.611282  7.241
 45     0.997 53775.08367239 25.46 298.601970   8.579178 11.997
 45     0.783 53775.08367303 25.51 298.601230   8.582488 11.997
 45     0.662 53775.08367368 24.10 298.600490   8.585788 11.997
 45     0.509 53775.08367432 23.73 298.599750   8.589098 11.997
 45     0.527 53775.08367497 22.84 298.599010   8.592398 11.997
 45     0.539 53775.08367561 23.23 298.598280   8.595708 11.997
 45     0.567 53775.08367626 23.71 298.597540   8.599008 11.997
 45     0.608 53775.08367690 23.55 298.596800   8.602308 11.997
 45     0.691 53775.08367755 23.37 298.596065   8.605622 13.181
 45     0.925 53775.08367819 23.73 298.595325   8.608922 13.181
 45     1.372 53775.08367884 24.12 298.594585   8.612222 13.181
 46     1.833 53810.08365496 18.08 298.600464   8.580137 11.831
 46     1.479 53810.08365561 17.84 298.599734   8.583437 11.831
 46     1.054 53810.08365625 18.53 298.598994   8.586747 11.831
 46     0.837 53810.08365690 18.93 298.598254   8.590047 11.831
 46     0.699 53810.08365754 19.19 298.597524   8.593357 11.831
 46     0.888 53810.08365818 18.74 298.596784   8.596657 11.831
 46     0.954 53810.08365883 19.12 298.596044   8.599967 11.831
 46     0.915 53810.08365947 20.07 298.595304   8.603267 11.831
 46     1.066 53810.08366012 19.20 298.594574   8.606567 11.831
 46     1.400 53810.08366076 19.98 298.593829   8.609882 14.073
 46     1.467 53810.08366141 21.32 298.593099   8.613182 14.073
 47     2.843 53845.08369959 20.70 298.592380   8.583130 11.673
 47     1.510 53845.08370024 12.11 298.591640   8.586430 11.673
 47     1.050 53845.08370088 12.76 298.590910   8.589740 11.673
 47     0.645 53845.08370153 13.87 298.590170   8.593040 11.673
 47     0.495 53845.08370217 15.34 298.589430   8.596340 11.673
 47     0.597 53845.08370282 17.39 298.588693   8.599655 18.345
 47     0.755 53845.08370346 22.64 298.587953   8.602955 18.345
 47     0.869 53845.08370411 23.96 298.587213   8.606255 18.345
 47     0.910 53845.08370475 19.91 298.586483   8.609565 18.345
 48     1.981 53880.08372631 19.05 298.599991   8.579533  3.688
 48     2.106 53880.08372695 19.03 298.599261   8.582833  3.688
 48     1.930 53880.08372760 19.69 298.598521   8.586143  3.688
 48     1.737 53880.08372824 20.38 298.597781   8.589443  3.688
 48     1.850 53880.08372888 20.16 298.597047   8.592757  6.147
 48     1.792 53880.08372953 21.00 298.596307   8.596057  6.147
 48     1.892 53880.08373017 20.81 298.595567   8.599367  6.147
 48     1.839 53880.08373082 20.99 298.594837   8.602667  6.147
 48     1.900 53880.08373146 22.95 298.594097   8.605967  6.147
 48     2.161 53880.08373211 21.69 298.593357   8.609277  6.147
 48     2.210 53880.08373275 20.85 298.592617   8.612577  6.147
 49     2.613 53915.08378477 31.15 298.587984   8.584422 14.777
 49     2.335 53915.08378542 23.96 298.587254   8.587722 14.777
 49     1.946 53915.08378606 20.07 298.586514   8.591032 14.777
 49     2.300 53915.08378671 17.15 298.585774   8.594332 14.777
 49     2.693 53915.08378735 16.69 298.585034   8.597632 14.777
 49     2.984 53915.08378800 16.36 298.584301   8.600947 28.022
 49     3.040 53915.08378864 25.30 298.583561   8.604247 28.022
 49     3.193 53915.08378929 29.50 298.582821   8.607557 28.022
 50     3.947 53950.08379450 28.67 298.586169   8.585524 21.035
 50     3.890 53950.08379514 25.55 298.585429   8.588834 21.035
 50     3.345 53950.08379579 22.09 298.584699   8.592134 21.035
 50     3.625 53950.08379643 20.97 298.583959   8.595444 21.035
 50     3.998 53950.08379708 20.22 298.583219   8.598744 21.035
 50     4.266 53950.08379772 22.68 298.582479   8.602054 21.035
 50     4.353 53950.08379837 27.28 298.581748   8.605360 34.272
 50     4.396 53950.08379901 34.60 298.581008   8.608660 34.272
 51     4.248 53985.08373060 29.15 298.596509   8.582278 14.292
 51     4.153 53985.08373124 26.78 298.595779   8.585578 14.292
 51     3.988 53985.08373189 24.12 298.595039   8.588888 14.292
 51     3.916 53985.08373253 23.53 298.594299   8.592188 14.292
 51     3.816 53985.08373318 23.16 298.593559   8.595498 14.292
 51     3.728 53985.08373382 23.38 298.592829   8.598798 14.292
 51     3.701 53985.08373447 23.69 298.592089   8.602108 14.292
 51     3.918 53985.08373511 25.02 298.591349   8.605408 14.292
 51     4.164 53985.08373576 28.58 298.590609   8.608708 14.292
 51     4.342 53985.08373640 34.92 298.589881   8.612014 38.312
 52     3.190 54020.08376748 30.40 298.596951   8.579848 10.821
 52     3.253 54020.08376813 27.92 298.596211   8.583148 10.821
 52     2.958 54020.08376877 23.54 298.595471   8.586458 10.821
 52     2.849 54020.08376942 21.33 298.594731   8.589758 10.821
 52     2.743 54020.08377006 20.63 298.594001   8.593068 10.821
 52     2.440 54020.08377070 20.15 298.593261   8.596368 10.821
 52     2.265 54020.08377135 20.19 298.592521   8.599668 10.821
 52     2.694 54020.08377199 18.84 298.591784   8.602983 30.716
 52     2.912 54020.08377264 19.40 298.591044   8.606283 30.716
 52     2.843 54020.08377328 22.65 298.590304   8.609593 30.716
 53     2.206 54055.08375763 31.21 298.605629   8.578069  9.341
 53     2.195 54055.08375827 39.64 298.604889   8.581379  9.341
 53     2.197 54055.08375892 43.24 298.604149   8.584679  9.341
 53     2.235 54055.08375956 32.22 298.603409   8.587989  9.341
 53     2.143 54055.08376021 28.09 298.602669   8.591289  9.341
 53     2.017 54055.08376085 25.65 298.601939   8.594599  9.341
 53     2.004 54055.08376150 26.13 298.601199   8.597899  9.341
 53     1.925 54055.08376214 26.49 298.600459   8.601199  9.341
 53     1.799 54055.08376279 26.41 298.599725   8.604514 11.993
 53     1.539 54055.08376343 29.24 298.598985   8.607814 11.993
 53     2.001 54055.08376407 26.47 298.598245   8.611124 11.993
 54     2.537 54090.08374585 19.02 298.599005   8.578806  8.696
 54     2.228 54090.08374649 17.98 298.598265   8.582116  8.696
 54     2.042 54090.08374714 18.31 298.597535   8.585416  8.696
 54     1.634 54090.08374778 17.57 298.596795   8.588726  8.696
 54     1.615 54090.08374843 17.63 298.596055   8.592026  8.696
 54     1.443 54090.08374907 18.85 298.595315   8.595336  8.696
 54     1.613 54090.08374972 19.12 298.594585   8.598636  8.696
 54     1.552 54090.08375036 22.09 298.593845   8.601946  8.696
 54     1.715 54090.08375101 28.87 298.593105   8.605246  8.696
 54     1.925 54090.08375165 30.92 298.592365   8.608546  8.696
 54     2.029 54090.08375229 32.74 298.591637   8.611861 29.134
 55     2.348 54125.08367386 19.95 298.596644   8.580843 15.697
 55     2.031 54125.08367451 20.71 298.595914   8.584143 15.697
 55     0.781 54125.08367515 21.89 298.595174   8.587453 15.697
 55     0.768 54125.08367579 21.25 298.594434   8.590753 15.697
 55    -0.092 54125.08367644 21.69 298.593694   8.594053 15.697
 55     0.226 54125.08367708 21.23 298.592964   8.597363 15.697
 55     0.478 54125.08367773 23.13 298.592224   8.600663 15.697
 55     0.829 54125.08367837 24.28 298.591484   8.603973 15.697
 55     1.039 54125.08367902 26.21 298.590744   8.607273 15.697
 55     0.887 54125.08367966 30.18 298.590004   8.610583 15.697
 57     1.992 54195.08367543 17.16 298.596161   8.581842  4.482
 57     1.321 54195.08367607 16.24 298.595431   8.585142  4.482
 57     0.969 54195.08367672 16.77 298.594691   8.588452  4.482
 57     0.653 54195.08367736 17.97 298.593951   8.591752  4.482
 57     0.371 54195.08367800 18.42 298.593211   8.595062  4.482
 57     0.598 54195.08367865 17.46 298.592471   8.598362  4.482
 57     0.793 54195.08367929 16.98 298.591741   8.601662  4.482
 57     1.164 54195.08367994 20.31 298.591001   8.604972  4.482
 57     1.173 54195.08368058 17.01 298.590261   8.608272  4.482
 57     0.985 54195.08368123 15.08 298.589523   8.611585 24.797
 58     1.881 54230.08372639 13.89 298.596188   8.581229 14.206
 58     1.248 54230.08372703 13.64 298.595448   8.584529 14.206
 58     0.929 54230.08372768 14.51 298.594708   8.587839 14.206
 58     0.728 54230.08372832 14.77 298.593968   8.591139 14.206
 58     0.752 54230.08372897 15.12 298.593228   8.594449 14.206
 58     0.601 54230.08372961 15.72 298.592498   8.597749 14.206
 58     0.637 54230.08373026 19.22 298.591758   8.601059 14.206
 58     0.922 54230.08373090 21.70 298.591018   8.604359 14.206
 58     0.959 54230.08373155 28.86 298.590278   8.607669 14.206
 58     1.015 54230.08373219 26.34 298.589548   8.610969 14.206
 59     2.017 54265.08374440 23.17 298.596882   8.580776 17.454
 59     1.806 54265.08374504 23.68 298.596142   8.584076 17.454
 59     1.776 54265.08374569 24.18 298.595402   8.587386 17.454
 59     1.866 54265.08374633 24.43 298.594662   8.590686 17.454
 59     2.159 54265.08374698 26.17 298.593922   8.593996 17.454
 59     2.285 54265.08374762 27.69 298.593192   8.597296 17.454
 59     2.399 54265.08374826 29.04 298.592452   8.600606 17.454
 59     2.537 54265.08374891 33.35 298.591712   8.603906 17.454
 59     2.641 54265.08374955 41.86 298.590972   8.607216 17.454
 59     2.571 54265.08375020 50.10 298.590242   8.610516 17.454
 61     4.341 54335.08373764 37.99 298.597585   8.581836 15.710
 61     4.372 54335.08373828 36.82 298.596845   8.585136 15.710
 61     4.363 54335.08373893 37.53 298.596115   8.588436 15.710
 61     4.331 54335.08373957 37.15 298.595375   8.591746 15.710
 61     4.303 54335.08374022 37.63 298.594635   8.595046 15.710
 61     3.937 54335.08374086 37.86 298.593895   8.598356 15.710
 61     3.848 54335.08374151 36.56 298.593165   8.601656 15.710
 61     4.060 54335.08374215 36.92 298.592425   8.604966 15.710
 61     4.309 54335.08374280 38.17 298.591685   8.608266 15.710
 61     4.304 54335.08374344 41.04 298.590945   8.611576 15.710
 63     3.298 54405.08368165 28.52 298.596474   8.581252 23.633
 63     3.213 54405.08368230 25.88 298.595734   8.584552 23.633
 63     3.107 54405.08368294 25.53 298.594994   8.587852 23.633
 63     3.041 54405.08368359 24.93 298.594254   8.591162 23.633
 63     3.028 54405.08368423 25.17 298.593524   8.594462 23.633
 63     2.841 54405.08368488 24.44 298.592784   8.597772 23.633
 63     3.045 54405.08368552 24.19 298.592044   8.601072 23.633
 63     3.200 54405.08368617 37.92 298.591304   8.604382 23.633
 63     3.214 54405.08368681 45.94 298.590574   8.607682 23.633
 63     3.225 54405.08368745 49.75 298.589834   8.610992 23.633
 64     2.302 54440.08363918 29.81 298.595727   8.581416 24.053
 64     2.039 54440.08363983 28.64 298.594997   8.584726 24.053
 64     1.862 54440.08364047 24.47 298.594257   8.588026 24.053
 64     1.594 54440.08364112 23.07 298.593517   8.591326 24.053
 64     1.231 54440.08364176 22.55 298.592777   8.594636 24.053
 64     1.399 54440.08364241 22.58 298.592037   8.597936 24.053
 64     1.786 54440.08364305 24.12 298.591307   8.601246 24.053
 64     2.027 54440.08364370 38.60 298.590567   8.604546 24.053
 64     2.005 54440.08364434 40.66 298.589827   8.607856 24.053
 64     1.978 54440.08364499 46.78 298.589087   8.611156 24.053
 65     2.822 54475.08366858 20.33 298.598099   8.580979 10.248
 65     2.280 54475.08366923 19.36 298.597359   8.584289 10.248
 65     1.847 54475.08366987 19.65 298.596619   8.587589 10.248
 65     1.599 54475.08367052 18.27 298.595879   8.590899 10.248
 65     1.363 54475.08367116 18.02 298.595149   8.594199 10.248
 65     1.491 54475.08367181 17.41 298.594409   8.597509 10.248
 65     2.045 54475.08367245 17.62 298.593669   8.600809 10.248
 65     2.360 54475.08367309 18.93 298.592929   8.604109 10.248
 65     1.949 54475.08367374 21.43 298.592195   8.607424 26.921
 65     2.086 54475.08367438 22.60 298.591455   8.610724 26.921
 66     2.391 54510.08365331 17.47 298.596165   8.582221 12.832
 66     1.988 54510.08365396 15.48 298.595425   8.585531 12.832
 66     1.720 54510.08365460 16.59 298.594685   8.588831 12.832
 66     1.161 54510.08365525 16.53 298.593945   8.592141 12.832
 66     0.503 54510.08365589 17.04 298.593215   8.595441 12.832
 66     0.454 54510.08365653 20.39 298.592475   8.598751 12.832
 66     0.756 54510.08365718 25.04 298.591735   8.602051 12.832
 66     1.099 54510.08365782 26.98 298.590995   8.605361 12.832
 66     1.213 54510.08365847 27.53 298.590255   8.608661 12.832
 66     1.377 54510.08365911 25.53 298.589525   8.611961 12.832
 67     1.805 54545.08368265 22.38 298.597579   8.579957  9.909
 67     0.212 54545.08368329 23.86 298.596839   8.583257  9.909
 67    -0.966 54545.08368394 25.30 298.596109   8.586571 16.180
 67    -0.999 54545.08368458 24.86 298.595369   8.589871 16.180
 67    -0.666 54545.08368523 25.57 298.594629   8.593181 16.180
 67     0.024 54545.08368587 25.86 298.593889   8.596481 16.180
 67     0.599 54545.08368652 26.51 298.593159   8.599781 16.180
 67     0.635 54545.08368716 33.49 298.592419   8.603091 16.180
 67     1.135 54545.08368781 37.46 298.591679   8.606391 16.180
 67     1.185 54545.08368845 42.23 298.590939   8.609701 16.180
 68     1.777 54580.08365040 18.03 298.597682   8.580641  8.501
 68     1.589 54580.08365105 17.88 298.596942   8.583941  8.501
 68     1.049 54580.08365169 18.91 298.596209   8.587255 14.727
 68     0.661 54580.08365234 19.41 298.595469   8.590555 14.727
 68     0.569 54580.08365298 19.18 298.594729   8.593865 14.727
 68     0.560 54580.08365363 19.73 298.593999   8.597165 14.727
 68     0.944 54580.08365427 20.17 298.593259   8.600465 14.727
 68     1.224 54580.08365492 25.47 298.592519   8.603775 14.727
 68     1.297 54580.08365556 30.40 298.591779   8.607075 14.727
 68     1.293 54580.08365621 29.32 298.591039   8.610385 14.727
 69     1.434 54615.08367284 18.78 298.597802   8.580801  6.361
 69     1.379 54615.08367349 18.75 298.597071   8.584107 16.559
 69     0.980 54615.08367413 18.57 298.596331   8.587417 16.559
 69     0.848 54615.08367478 18.89 298.595591   8.590717 16.559
 69     0.859 54615.08367542 18.47 298.594851   8.594027 16.559
 69     0.920 54615.08367607 18.01 298.594121   8.597327 16.559
 69     1.195 54615.08367671 24.05 298.593381   8.600637 16.559
 69     1.233 54615.08367736 29.20 298.592641   8.603937 16.559
 69     1.378 54615.08367800 38.55 298.591901   8.607247 16.559
 69     1.303 54615.08367865 41.79 298.591171   8.610547 16.559
 70     2.925 54650.08368445 24.52 298.594573   8.581564 14.216
 70     2.757 54650.08368509 23.43 298.593843   8.584864 14.216
 70     2.601 54650.08368574 23.54 298.593103   8.588174 14.216
 70     2.517 54650.08368638 23.23 298.592363   8.591474 14.216
 70     2.406 54650.08368703 24.57 298.591623   8.594784 14.216
 70     2.489 54650.08368767 25.28 298.590893   8.598084 14.216
 70     2.671 54650.08368832 26.42 298.590153   8.601394 14.216
 70     3.048 54650.08368896 35.16 298.589413   8.604694 14.216
 70     3.035 54650.08368961 43.88 298.588673   8.608004 14.216
 70     2.912 54650.08369025 37.94 298.587933   8.611304 14.216
 71     3.919 54685.08367857 25.95 298.597076   8.579820 14.055
 71     3.755 54685.08367922 24.20 298.596346   8.583120 14.055
 71     3.674 54685.08367986 21.26 298.595608   8.586435 23.276
 71     3.579 54685.08368051 20.65 298.594868   8.589735 23.276
 71     2.837 54685.08368115 20.84 298.594128   8.593035 23.276
 71     3.224 54685.08368180 20.74 298.593388   8.596345 23.276
 71     3.583 54685.08368244 21.54 298.592658   8.599645 23.276
 71     3.792 54685.08368309 22.19 298.591918   8.602955 23.276
 71     3.942 54685.08368373 23.79 298.591178   8.606255 23.276
 71     3.822 54685.08368438 27.65 298.590438   8.609565 23.276
 72     3.846 54720.08362893 25.27 298.596576   8.582328 21.956
 72     3.715 54720.08362957 24.05 298.595846   8.585638 21.956
 72     3.470 54720.08363022 23.71 298.595106   8.588938 21.956
 72     3.242 54720.08363086 23.84 298.594366   8.592238 21.956
 72     3.197 54720.08363151 24.25 298.593626   8.595548 21.956
 72     3.528 54720.08363215 23.52 298.592886   8.598848 21.956
 72     3.916 54720.08363280 26.64 298.592156   8.602158 21.956
 72     4.037 54720.08363344 28.70 298.591416   8.605458 21.956
 72     4.142 54720.08363409 41.76 298.590676   8.608768 21.956
 72     4.092 54720.08363473 39.19 298.589936   8.612068 21.956
 73     3.429 54755.08365280 24.04 298.596214   8.581229 13.374
 73     3.167 54755.08365345 19.03 298.595483   8.584535 21.543
 73     2.960 54755.08365409 17.86 298.594743   8.587835 21.543
 73     3.104 54755.08365474 16.00 298.594003   8.591135 21.543
 73     3.050 54755.08365538 16.15 298.593263   8.594445 21.543
 73     3.033 54755.08365603 17.00 298.592533   8.597745 21.543
 73     3.301 54755.08365667 20.90 298.591793   8.601055 21.543
 73     3.573 54755.08365732 27.30 298.591053   8.604355 21.543
 73     3.519 54755.08365796 30.45 298.590313   8.607665 21.543
 73     3.380 54755.08365860 27.94 298.589583   8.610965 21.543
 74     2.804 54790.08362179 31.19 298.594589   8.582550 12.144
 74     2.333 54790.08362243 18.79 298.593849   8.585860 12.144
 74     1.953 54790.08362308 17.64 298.593109   8.589160 12.144
 74     1.822 54790.08362372 17.48 298.592369   8.592470 12.144
 74     1.841 54790.08362437 17.82 298.591629   8.595770 12.144
 74     1.966 54790.08362501 18.14 298.590899   8.599080 12.144
 74     2.292 54790.08362565 20.47 298.590159   8.602380 12.144
 74     2.348 54790.08362630 30.64 298.589419   8.605690 12.144
 74     2.481 54790.08362694 37.50 298.588679   8.608990 12.144
 75     2.522 54825.08364866 38.74 298.596929   8.580362  5.141
 75     2.446 54825.08364931 39.90 298.596196   8.583676 16.755
 75     2.496 54825.08364995 38.07 298.595456   8.586976 16.755
 75     2.513 54825.08365060 35.11 298.594716   8.590286 16.755
 75     2.507 54825.08365124 35.45 298.593986   8.593586 16.755
 75     2.449 54825.08365189 31.23 298.593246   8.596886 16.755
 75     2.267 54825.08365253 31.63 298.592506   8.600196 16.755
 75     2.342 54825.08365317 33.82 298.591766   8.603496 16.755
 75     2.368 54825.08365382 45.10 298.591026   8.606806 16.755
 75     2.374 54825.08365446 50.05 298.590296   8.610106 16.755
 76     2.342 54860.08361545 19.93 298.596693   8.582230 11.475
 76     1.776 54860.08361609 19.96 298.595953   8.585530 11.475
 76     0.914 54860.08361674 21.16 298.595223   8.588840 11.475
 76     1.058 54860.08361738 20.48 298.594483   8.592140 11.475
 76     0.917 54860.08361803 19.92 298.593743   8.595450 11.475
 76     1.086 54860.08361867 20.51 298.593003   8.598750 11.475
 76     1.642 54860.08361932 20.92 298.592263   8.602060 11.475
 76     1.678 54860.08361996 28.32 298.591523   8.605360 11.475
 76     1.710 54860.08362061 37.29 298.590793   8.608670 11.475
 76     1.759 54860.08362125 33.47 298.590053   8.611970 11.475
 77     3.437 54895.08364985 23.60 298.595502   8.581351 13.101
 77     2.558 54895.08365050 15.94 298.594763   8.584665 19.519
 77     1.402 54895.08365114 16.78 298.594023   8.587965 19.519
 77     0.708 54895.08365179 16.92 298.593283   8.591275 19.519
 77     0.246 54895.08365243 18.25 298.592543   8.594575 19.519
 77     0.203 54895.08365308 22.08 298.591813   8.597875 19.519
 77     0.435 54895.08365372 28.22 298.591073   8.601185 19.519
 77     0.613 54895.08365437 40.14 298.590333   8.604485 19.519
 77     0.748 54895.08365501 42.77 298.589593   8.607795 19.519
 77     1.449 54895.08365566 29.28 298.588863   8.611095 19.519
 78     2.305 54930.08361394 29.07 298.594145   8.582440 12.821
 78     2.066 54930.08361459 15.61 298.593405   8.585740 12.821
 78     1.298 54930.08361523 14.43 298.592665   8.589050 12.821
 78     1.008 54930.08361588 14.93 298.591925   8.592350 12.821
 78     1.007 54930.08361652 15.23 298.591185   8.595660 12.821
 78     1.289 54930.08361717 17.14 298.590445   8.598960 12.821
 78     1.322 54930.08361781 24.66 298.589715   8.602270 12.821
 78     1.357 54930.08361846 30.14 298.588975   8.605570 12.821
 78     1.653 54930.08361910 28.16 298.588235   8.608870 12.821
 79     2.291 54965.08365112 19.23 298.595391   8.582639 15.769
 79     1.730 54965.08365177 13.88 298.594651   8.585949 15.769
 79     1.327 54965.08365241 13.24 298.593911   8.589249 15.769
 79     1.157 54965.08365306 14.26 298.593171   8.592559 15.769
 79     1.166 54965.08365370 14.66 298.592441   8.595859 15.769
 79     1.195 54965.08365435 19.49 298.591701   8.599169 15.769
 79     1.379 54965.08365499 23.14 298.590961   8.602469 15.769
 79     1.566 54965.08365564 29.32 298.590221   8.605779 15.769
 79     1.561 54965.08365628 27.67 298.589491   8.609079 15.769
 79     1.409 54965.08365693 22.47 298.588751   8.612389 15.769
 80     2.095 55000.08367114 29.38 298.593344   8.582517 19.269
 80     1.344 55000.08367179 17.60 298.592604   8.585817 19.269
 80     1.116 55000.08367243 16.95 298.591864   8.589117 19.269
 80     0.928 55000.08367308 16.83 298.591134   8.592427 19.269
 80     1.020 55000.08367372 20.30 298.590394   8.595727 19.269
 80     1.192 55000.08367437 25.45 298.589654   8.599037 19.269
 80     1.523 55000.08367501 34.76 298.588914   8.602337 19.269
 80     1.448 55000.08367566 41.08 298.588174   8.605647 19.269
 80     1.476 55000.08367630 36.98 298.587444   8.608947 19.269
 82     3.616 55070.08364610 29.03 298.597455   8.579621 11.333
 82     3.605 55070.08364675 22.79 298.596725   8.582931 11.333
 82     3.395 55070.08364739 19.87 298.595978   8.586227 23.408
 82     3.261 55070.08364804 19.23 298.595248   8.589537 23.408
 82     2.905 55070.08364868 19.95 298.594508   8.592837 23.408
 82     2.853 55070.08364933 19.83 298.593768   8.596147 23.408
 82     3.204 55070.08364997 19.47 298.593038   8.599447 23.408
 82     3.656 55070.08365062 21.15 298.592298   8.602757 23.408
 82     3.720 55070.08365126 35.31 298.591558   8.606057 23.408
 82     3.864 55070.08365191 41.73 298.590818   8.609367 23.408
 83     3.284 55105.08358775 27.44 298.594698   8.580287 14.091
 83     3.108 55105.08358840 19.35 298.593958   8.583587 14.091
 83     2.866 55105.08358904 17.66 298.593218   8.586897 14.091
 83     2.772 55105.08358969 16.81 298.592478   8.590197 14.091
 83     2.644 55105.08359033 17.38 298.591738   8.593507 14.091
 83     2.353 55105.08359098 19.53 298.590998   8.596807 14.091
 83     2.856 55105.08359162 18.12 298.590268   8.600117 14.091
 83     3.022 55105.08359227 28.44 298.589528   8.603417 14.091
 83     3.144 55105.08359291 33.14 298.588788   8.606727 14.091
 83     3.039 55105.08359355 31.50 298.588048   8.610027 14.091
 84     2.541 55140.08359383 15.36 298.596648   8.581188 19.402
 84     2.228 55140.08359447 15.64 298.595908   8.584488 19.402
 84     2.120 55140.08359512 15.96 298.595168   8.587798 19.402
 84     1.988 55140.08359576 15.58 298.594428   8.591098 19.402
 84     1.784 55140.08359641 17.13 298.593698   8.594398 19.402
 84     1.862 55140.08359705 19.48 298.592958   8.597708 19.402
 84     2.169 55140.08359770 21.82 298.592218   8.601008 19.402
 84     2.373 55140.08359834 26.80 298.591478   8.604318 19.402
 84     2.447 55140.08359899 40.61 298.590748   8.607618 19.402
 84     2.484 55140.08359963 42.29 298.590008   8.610928 19.402
 85     2.284 55175.08355432 15.81 298.597378   8.580056 16.271
 85     1.987 55175.08355497 16.10 298.596638   8.583356 16.271
 85     1.099 55175.08355561 16.37 298.595898   8.586666 16.271
 85     0.651 55175.08355626 17.03 298.595168   8.589966 16.271
 85     0.495 55175.08355690 17.91 298.594428   8.593276 16.271
 85     0.505 55175.08355755 18.84 298.593688   8.596576 16.271
 85     0.838 55175.08355819 20.86 298.592948   8.599876 16.271
 85     1.041 55175.08355884 31.35 298.592208   8.603186 16.271
 85     1.011 55175.08355948 41.85 298.591478   8.606486 16.271
 85     1.341 55175.08356012 30.81 298.590738   8.609796 16.271
 86     0.241 55210.08358950 24.82 298.596341   8.580957  6.450
 86     0.011 55210.08359014 24.84 298.595608   8.584262 15.403
 86    -0.716 55210.08359079 25.36 298.594868   8.587572 15.403
 86    -1.007 55210.08359143 25.60 298.594128   8.590872 15.403
 86    -0.569 55210.08359208 25.49 298.593398   8.594182 15.403
 86     0.262 55210.08359272 24.96 298.592658   8.597482 15.403
 86     0.706 55210.08359337 26.56 298.591918   8.600792 15.403
 86     1.127 55210.08359401 39.47 298.591178   8.604092 15.403
 86     1.178 55210.08359465 48.93 298.590438   8.607402 15.403
 86     1.033 55210.08359530 50.85 298.589708   8.610702 15.403
 87     0.725 55245.08356115 24.45 298.595361   8.582028 13.747
 87     0.479 55245.08356180 25.63 298.594621   8.585338 13.747
 87    -1.236 55245.08356244 27.38 298.593891   8.588638 13.747
 87    -1.001 55245.08356308 28.06 298.593151   8.591948 13.747
 87    -0.380 55245.08356373 28.40 298.592411   8.595248 13.747
 87     0.288 55245.08356437 27.95 298.591671   8.598558 13.747
 87     1.077 55245.08356502 27.83 298.590931   8.601858 13.747
 87     1.137 55245.08356566 44.04 298.590201   8.605168 13.747
 87     1.152 55245.08356631 47.16 298.589461   8.608468 13.747
 87     1.110 55245.08356695 50.43 298.588721   8.611768 13.747
 88    -0.014 55280.08358304 18.64 298.596049   8.581719  3.150
 88    -0.032 55280.08358368 19.05 298.595310   8.585031 16.569
 88    -0.277 55280.08358433 20.67 298.594570   8.588331 16.569
 88    -0.271 55280.08358497 20.77 298.593830   8.591641 16.569
 88    -0.326 55280.08358562 23.52 298.593090   8.594941 16.569
 88     0.013 55280.08358626 25.45 298.592360   8.598251 16.569
 88     0.314 55280.08358691 29.19 298.591620   8.601551 16.569
 88     0.336 55280.08358755 43.95 298.590880   8.604851 16.569
 88     0.380 55280.08358819 41.80 298.590140   8.608161 16.569
 88     0.457 55280.08358884 39.87 298.589410   8.611461 16.569
 89     1.449 55315.08354912 14.59 298.595382   8.581545  7.973
 89     1.320 55315.08354977 15.27 298.594652   8.584845  7.973
 89     1.460 55315.08355041 15.25 298.593912   8.588155  7.973
 89     1.341 55315.08355106 16.13 298.593172   8.591455  7.973
 89     1.383 55315.08355170 16.14 298.592432   8.594765  7.973
 89     1.434 55315.08355235 17.80 298.591702   8.598065  7.973
 89     1.700 55315.08355299 19.86 298.590962   8.601375  7.973
 89     1.877 55315.08355364 24.73 298.590222   8.604675  7.973
 89     2.030 55315.08355428 32.91 298.589482   8.607985  7.973
 89     1.854 55315.08355493 30.65 298.588752   8.611285  7.973
 90     2.156 55350.08355451 13.84 298.597256   8.579755  2.489
 90     2.134 55350.08355516 14.21 298.596517   8.583061 19.105
 90     2.205 55350.08355580 13.52 298.595777   8.586361 19.105
 90     2.182 55350.08355644 13.48 298.595037   8.589661 19.105
 90     2.191 55350.08355709 14.47 298.594297   8.592971 19.105
 90     2.065 55350.08355773 14.78 298.593567   8.596271 19.105
 90     2.130 55350.08355838 18.93 298.592827   8.599581 19.105
 90     2.352 55350.08355902 22.64 298.592087   8.602881 19.105
 90     2.534 55350.08355967 37.03 298.591347   8.606191 19.105
 90     2.616 55350.08356031 45.31 298.590617   8.609491 19.105
 91     3.658 55385.08354766 45.16 298.594883   8.580151 23.454
 91     3.765 55385.08354831 46.07 298.594143   8.583461 23.454
 91     3.882 55385.08354895 40.81 298.593413   8.586761 23.454
 91     3.686 55385.08354960 37.78 298.592673   8.590071 23.454
 91     3.745 55385.08355024 35.69 298.591933   8.593371 23.454
 91     3.713 55385.08355088 33.56 298.591193   8.596681 23.454
 91     3.242 55385.08355153 30.99 298.590463   8.599981 23.454
 91     3.655 55385.08355217 35.20 298.589723   8.603291 23.454
 91     3.673 55385.08355282 47.24 298.588983   8.606591 23.454
 91     3.594 55385.08355346 50.16 298.588243   8.609901 23.454
 92     4.424 55420.08357311 35.87 298.597290   8.580688 14.537
 92     4.383 55420.08357376 31.91 298.596558   8.584002 28.506
 92     4.200 55420.08357440 29.62 298.595818   8.587302 28.506
 92     4.048 55420.08357505 27.63 298.595078   8.590612 28.506
 92     3.724 55420.08357569 27.30 298.594348   8.593912 28.506
 92     3.367 55420.08357634 27.73 298.593608   8.597212 28.506
 92     3.704 55420.08357698 26.02 298.592868   8.600522 28.506
 92     4.284 55420.08357763 26.44 298.592128   8.603822 28.506
 92     4.405 55420.08357827 38.54 298.591388   8.607132 28.506
 92     4.523 55420.08357892 38.36 298.590658   8.610432 28.506
 93     4.379 55455.08355040 44.35 298.597516   8.580918  9.305
 93     4.423 55455.08355104 42.91 298.596776   8.584218  9.305
 93     4.295 55455.08355169 40.07 298.596046   8.587528  9.305
 93     4.314 55455.08355233 41.74 298.595299   8.590825 29.608
 93     4.353 55455.08355298 41.04 298.594569   8.594135 29.608
 93     4.322 55455.08355362 42.52 298.593829   8.597435 29.608
 93     4.370 55455.08355427 42.97 298.593089   8.600745 29.608
 93     4.389 55455.08355491 48.51 298.592359   8.604045 29.608
 93     4.431 55455.08355556 48.45 298.591619   8.607355 29.608
 93     4.412 55455.08355620 48.48 298.590879   8.610655 29.608
