#    0.000   0.000   0.000 ;Mean Elev.(m), Avg Gradient(m/km), RMS Gradient(m/km) - SRTM1     
#    0.000   0.000   0.000 ;Mean Elev.(m), Avg Gradient(m/km), RMS Gradient(m/km) - ASTER GDEM
#   22.521  -0.514   2.937 ;Mean Elev.(m), Avg Gradient(m/km), RMS Gradient(m/km) - GMTED2010 
  7 293.534603   7.513289    32.501    32.517  9 52445.60449376 33.581
  8 293.542249   7.521957    35.881    35.906  9 52480.60448385 47.097
 10 293.543187   7.523571    33.711    33.841  9 52550.60448040 30.409
 12 293.544115   7.522208    29.732    29.739  9 52620.60443636 23.512
 15 293.547633   7.519411    26.465    26.669  3 52725.60446496 22.255
 16 293.532819   7.510779    27.434    27.469  9 52760.60448402 15.118
 20 293.545372   7.522276    34.937    35.038  8 52900.60457812 37.996
 21 293.544072   7.522071    33.120    33.207  8 52935.60452032 27.330
 22 293.546039   7.519622    31.841    31.891  5 52970.60454194 26.460
 23 293.540472   7.521273    29.875    29.914 11 53005.60455707 19.720
 24 293.545235   7.523306    27.005    27.358  8 53040.60450700 17.650
 25 293.543332   7.523353    26.554    26.462  9 53075.60453978 16.016
 26 293.541510   7.521106    26.479    26.257 10 53110.60450996 14.512
 27 293.545056   7.524115    30.383    30.331  8 53145.60455139 34.057
 29 293.545491   7.523327    35.663    35.632  8 53215.60458426 40.311
 30 293.544351   7.522871    35.437    35.350  9 53250.60455952 32.778
 31 293.542279   7.522548    34.259    34.246  9 53285.60455394 44.892
 34 293.546052   7.519318    27.109    27.223  5 53390.60451336 20.026
 37 293.539477   7.521054    29.483    29.485 11 53495.60460023 16.770
 39 293.539978   7.519932    33.498    33.518 10 53565.60460515 45.652
 40 293.548434   7.519495    34.743    34.744  3 53600.60454778 44.858
 41 293.543943   7.521975    33.494    33.417  8 53635.60454436 27.228
 42 293.541695   7.521805    30.625    30.555 10 53670.60456590 22.138
 46 293.549141   7.521196    25.794    25.794  2 53810.60441459 26.699
 47 293.545519   7.524321    26.691    26.613  8 53845.60445976 22.532
 49 293.539801   7.521375    33.594    33.611 11 53915.60454437 49.981
 50 293.536091   7.513815    35.537    35.485  9 53950.60455446 35.404
 51 293.546517   7.521347    35.452    35.474  5 53985.60448921 34.127
 52 293.548304   7.519264    32.527    32.551  3 54020.60452846 33.395
 54 293.547436   7.519253    29.701    29.679  4 54090.60450685 28.147
 55 293.549278   7.521183    25.993    25.993  2 54125.60443493 22.293
 56 293.546145   7.521465    26.536    26.762  6 54160.60447397 20.763
 57 293.548439   7.521250    25.489    25.528  3 54195.60443689 23.799
 58 293.547416   7.519658    28.165    28.300  4 54230.60448624 23.485
 59 293.548071   7.520175    32.132    32.079  3 54265.60450393 29.100
 60 293.548172   7.518564    35.601    35.601  3 54300.60450900 46.594
 61 293.547346   7.518933    35.228    35.232  4 54335.60449749 35.580
 63 293.546329   7.519521    32.683    32.681  4 54405.60444214 27.622
 64 293.549343   7.522088    29.411    29.411  2 54440.60439899 22.331
 65 293.548999   7.520914    27.222    27.222  2 54475.60442908 22.421
 66 293.548820   7.520870    25.761    25.761  2 54510.60441439 22.854
 67 293.547341   7.519484    26.692    26.925  3 54545.60444347 20.374
 68 293.549860   7.522664    25.309    25.309  2 54580.60440897 29.787
 69 293.548853   7.521488    29.152    29.108  3 54615.60443238 21.861
 70 293.545795   7.520889    33.162    33.151  6 54650.60444495 32.712
 71 293.546634   7.519581    35.429    35.408  4 54685.60443843 32.304
 73 293.546859   7.520599    32.251    32.209  4 54755.60441330 27.974
 74 293.546557   7.518385    31.186    31.167  4 54790.60438358 37.707
 75 293.548011   7.520340    29.894    29.864  4 54825.60440916 28.072
 76 293.549039   7.520427    26.335    26.335  2 54860.60437660 23.331
 77 293.546269   7.523725    26.780    27.000  7 54895.60441003 19.401
 78 293.546189   7.518563    26.843    26.835  4 54930.60437445 20.199
 79 293.546940   7.520502    28.019    28.019  4 54965.60441034 21.380
 80 293.545131   7.523945    29.686    29.692  8 55000.60443036 31.603
 81 293.548867   7.521575    33.892    33.860  3 55035.60441586 33.376
 82 293.546510   7.518546    34.450    34.437  4 55070.60440596 33.836
 83 293.546447   7.518653    32.301    32.377  4 55105.60434890 29.353
 84 293.546635   7.520213    30.042    29.943  4 55140.60435498 20.956
 86 293.547014   7.519680    26.220    25.610  4 55210.60435000 25.869
 87 293.547134   7.519409    26.941    27.173  4 55245.60432230 23.787
 88 293.546162   7.520088    26.799    27.001  5 55280.60434322 19.517
 89 293.546379   7.519687    29.248    29.270  5 55315.60430931 21.968
 90 293.547089   7.520397    32.526    32.464  4 55350.60431502 28.676
 91 293.546644   7.520546    34.556    34.574  4 55385.60430881 31.380
 92 293.547943   7.518848    35.833    35.832  3 55420.60433330 35.290
 93 293.547176   7.520717    34.841    34.843  4 55455.60430962 32.607
 94 293.547462   7.519483    32.196    32.203  4 55490.60422802 26.689
