#    0.000   0.000   0.000 ;Mean Elev.(m), Avg Gradient(m/km), RMS Gradient(m/km) - SRTM1     
#    0.000   0.000   0.000 ;Mean Elev.(m), Avg Gradient(m/km), RMS Gradient(m/km) - ASTER GDEM
#   39.365  -1.018   3.526 ;Mean Elev.(m), Avg Gradient(m/km), RMS Gradient(m/km) - GMTED2010 
  8 292.516192   6.112921    49.289    49.295  7 52499.60673295 47.903
  9 292.514335   6.114678    47.796    47.784  7 52534.60672030 50.434
 10 292.516419   6.112408    42.882    42.889  6 52569.60675054 46.050
 11 292.514138   6.113920    44.250    44.276  7 52604.60673164 27.659
 12 292.514663   6.114886    39.965    39.875  7 52639.60671373 34.813
 13 292.515452   6.112756    36.662    36.644  7 52674.60670925 32.441
 14 292.515559   6.113591    36.035    36.058  6 52709.60672556 42.085
 16 292.515307   6.114190    44.623    44.617  7 52779.60668975 50.112
 17 292.513878   6.115133    46.558    46.503  7 52814.60677335 28.821
 18 292.516095   6.112970    49.117    49.105  7 52849.60682635 49.761
 19 292.512787   6.115036    48.572    48.546  7 52884.60686143 47.712
 20 292.516120   6.113202    46.515    46.484  7 52919.60681803 50.331
 21 292.520468   6.107422    45.395    45.401  5 52954.60678255 39.784
 22 292.523142   6.107269    42.182    42.205  5 52989.60679272 27.464
 23 292.521492   6.106078    39.929    39.193  5 53024.60677296 25.938
 24 292.523191   6.105192    36.235    36.254  5 53059.60677165 35.101
 25 292.511349   6.126188    36.920    36.751 11 53094.60680523 38.120
 26 292.520384   6.105132    41.401    41.377  5 53129.60678050 40.093
 28 292.516013   6.113145    48.472    48.561  7 53199.60684974 33.040
 29 292.522935   6.107445    48.466    48.477  5 53234.60682053 31.896
 30 292.515824   6.111983    47.089    47.200  7 53269.60678482 35.944
 31 292.511579   6.125475    44.689    44.714 10 53304.60684417 21.581
 32 292.515311   6.114713    44.546    44.888  7 53339.60681481 19.400
 33 292.517247   6.109424    43.102    42.692  6 53374.60674723 19.633
 34 292.517811   6.107569    37.601    37.610  6 53409.60679010 42.415
 35 292.515692   6.113904    38.511    37.627  7 53444.60677216 24.008
 36 292.511957   6.121285    41.262    41.274  8 53479.60684987 41.084
 37 292.515591   6.111915    45.685    45.769  7 53514.60685854 39.653
 38 292.511646   6.119042    47.042    47.058  8 53549.60687665 43.493
 39 292.516960   6.111666    47.249    47.324  7 53584.60684022 26.678
 40 292.512914   6.116223    46.732    46.716  6 53619.60679608 40.623
 41 292.515620   6.114556    43.356    43.383  7 53654.60682292 45.457
 42 292.513533   6.115462    43.797    43.808  6 53689.60681776 34.888
 43 292.517225   6.110686    42.913    42.572  6 53724.60674292 20.953
 44 292.522573   6.106674    41.512    40.504  5 53759.60668632 20.805
 45 292.518202   6.107305    38.159    38.234  6 53794.60670510 32.357
 46 292.519306   6.108120    40.724    39.572  5 53829.60668095 30.940
 47 292.513741   6.113946    42.090    42.064  7 53864.60675916 36.036
 48 292.515618   6.111909    46.384    46.380  7 53899.60678498 44.313
 49 292.509981   6.131158    48.441    48.504 13 53934.60682501 31.653
 50 292.511924   6.119234    48.071    48.097  7 53969.60679745 33.696
 51 292.518198   6.107432    45.771    45.791  6 54004.60677351 41.887
 52 292.518666   6.108811    44.666    44.515  6 54039.60680578 24.177
 53 292.516651   6.112460    43.789    43.778  6 54074.60679966 41.993
 54 292.514338   6.113569    41.836    42.009  7 54109.60674397 21.956
 55 292.515890   6.111649    36.738    36.797  7 54144.60673772 37.802
 56 292.514806   6.113804    36.191    36.235  6 54179.60672917 40.828
 57 292.515380   6.113385    42.882    42.517  6 54214.60674485 19.926
 58 292.515453   6.112658    44.915    44.906  7 54249.60677249 44.707
 59 292.516941   6.112788    48.746    48.827  7 54284.60678042 43.428
 60 292.517267   6.111650    48.367    48.353  6 54319.60677790 45.818
 61 292.516335   6.111693    47.275    47.288  7 54354.60674078 40.927
 62 292.516940   6.112162    45.906    45.911  6 54389.60671829 32.856
 63 292.515952   6.112754    44.204    44.074  7 54424.60669081 21.822
 64 292.516961   6.110327    43.979    44.656  7 54459.60669417 20.229
 65 292.516908   6.113139    39.698    40.601  7 54494.60669575 31.469
 66 292.517773   6.109788    37.227    37.277  7 54529.60670705 35.555
 67 292.515688   6.113412    36.787    36.797  6 54564.60670201 41.806
 68 292.516104   6.112687    41.186    41.191  7 54599.60670178 43.816
 69 292.514834   6.113322    45.675    45.602  7 54634.60671458 38.559
 70 292.515161   6.113886    49.418    49.437  7 54669.60671880 32.763
 71 292.516921   6.111267    47.452    47.654  7 54704.60668248 30.314
 72 292.516750   6.112895    45.394    45.404  7 54739.60668201 32.705
 73 292.516637   6.110850    44.143    44.142  7 54774.60666431 49.253
 74 292.516162   6.112039    44.193    44.166  7 54809.60667535 23.035
 75 292.515798   6.111878    43.611    43.777  7 54844.60666234 25.077
 76 292.514977   6.113448    39.939    40.872  7 54879.60667892 31.314
 77 292.514145   6.114685    39.054    38.182  6 54914.60666559 28.054
 79 292.514836   6.115670    41.441    41.399  7 54984.60669556 27.841
 80 292.516858   6.111933    46.789    46.767  7 55019.60669184 33.108
 81 292.516741   6.111139    48.219    48.220  7 55054.60668791 48.532
 82 292.514991   6.113012    46.253    46.270  7 55089.60664810 42.525
 83 292.516836   6.111117    43.879    43.654  7 55124.60662602 27.122
 84 292.515237   6.114106    43.510    44.137  7 55159.60660893 19.479
 85 292.516276   6.112330    39.907    40.442  7 55194.60661566 28.484
 86 292.514730   6.113560    36.159    36.109  7 55229.60661176 28.435
 87 292.516674   6.112016    36.249    36.236  6 55264.60661096 47.699
 88 292.516590   6.113666    40.764    40.893  7 55299.60659348 34.474
 89 292.515085   6.112783    44.967    44.994  7 55334.60658793 27.335
 90 292.516663   6.112688    47.418    47.492  7 55369.60657911 30.613
 91 292.517155   6.111431    48.970    48.989  7 55404.60659618 43.562
 92 292.516781   6.110618    48.115    48.189  7 55439.60659760 37.221
 93 292.516679   6.113560    44.701    44.719  7 55474.60654326 34.808
