#    0.000   0.000   0.000 ;Mean Elev.(m), Avg Gradient(m/km), RMS Gradient(m/km) - SRTM1     
#    0.000   0.000   0.000 ;Mean Elev.(m), Avg Gradient(m/km), RMS Gradient(m/km) - ASTER GDEM
#   39.559  -1.269   3.880 ;Mean Elev.(m), Avg Gradient(m/km), RMS Gradient(m/km) - GMTED2010 
  8 292.531194   6.180686    48.744    48.766  8 52499.60671973 45.139
  9 292.527885   6.175830    47.446    47.422  8 52534.60670838 47.717
 10 292.531794   6.181824    42.771    42.465  8 52569.60673700 32.181
 11 292.528042   6.176730    45.024    44.673  7 52604.60671939 20.318
 12 292.528577   6.177693    40.982    41.550  7 52639.60670148 30.248
 13 292.530089   6.178868    36.819    36.681  7 52674.60669636 34.707
 14 292.530202   6.179703    36.207    36.062  8 52709.60671267 26.661
 16 292.529586   6.178649    44.090    44.066  8 52779.60667718 32.360
 17 292.527061   6.174633    46.138    46.101  7 52814.60676174 23.846
 18 292.531104   6.180734    48.625    48.554  8 52849.60681313 39.444
 19 292.525964   6.174538    48.056    48.082  7 52884.60684983 29.878
 20 292.531122   6.180967    46.073    46.070  8 52919.60680482 30.624
 21 292.538410   6.188406    44.559    44.609  8 52954.60676676 33.111
 22 292.541079   6.188260    42.596    41.693  8 52989.60677693 23.137
 23 292.539790   6.188721    41.477    42.577  7 53024.60675685 24.140
 24 292.541493   6.187833    36.101    36.202  7 53059.60675554 37.456
 25 292.520131   6.165854    36.460    36.407  7 53094.60679749 40.894
 26 292.538688   6.187772    40.804    40.832  7 53129.60676438 26.104
 28 292.531017   6.180909    48.421    48.368  8 53199.60683652 30.036
 29 292.540866   6.188432    47.806    47.630  8 53234.60680473 27.267
 30 292.530839   6.179744    46.736    46.698  8 53269.60677161 33.855
 31 292.520727   6.166791    45.246    45.296  7 53304.60683611 19.430
 32 292.529217   6.177521    45.435    45.875  7 53339.60680256 16.989
 33 292.533343   6.182148    41.083    41.340  8 53374.60673305 29.666
 34 292.535013   6.185249    37.557    37.325  9 53409.60677495 30.994
 35 292.529959   6.178363    40.430    40.310  8 53444.60675958 21.582
 36 292.522574   6.169220    41.022    41.071  7 53479.60684052 42.543
 37 292.530595   6.179678    45.115    45.134  8 53514.60684533 23.236
 38 292.522988   6.170275    46.775    46.791  7 53549.60686666 40.196
 39 292.532697   6.182735    47.627    47.228  8 53584.60682636 25.300
 40 292.525715   6.174072    46.419    46.434  7 53619.60678480 33.733
 41 292.529897   6.179013    42.767    42.765  8 53654.60681035 30.570
 42 292.526342   6.173311    43.672    43.650  7 53689.60680647 32.497
 43 292.533320   6.183410    43.726    43.319  8 53724.60672874 16.567
 44 292.540878   6.189312    40.595    41.751  7 53759.60667020 22.623
 45 292.535399   6.184987    37.990    37.963  9 53794.60668995 25.186
 46 292.536518   6.185800    39.277    39.131  8 53829.60666580 29.460
 47 292.527653   6.176749    41.878    41.897  7 53864.60674691 22.103
 48 292.530624   6.179675    46.034    45.992  8 53899.60677177 38.414
 49 292.517301   6.164213    48.340    48.342  7 53934.60681856 24.441
 50 292.522904   6.168820    48.105    48.104  7 53969.60678778 38.778
 51 292.535405   6.185116    45.122    45.106  9 54004.60675836 34.347
 52 292.535873   6.186492    44.021    43.980  9 54039.60679063 24.032
 53 292.532020   6.181878    44.056    43.828  8 54074.60678612 25.077
 54 292.528237   6.176373    41.229    41.502  7 54109.60673172 28.316
 55 292.530900   6.179415    37.251    37.457  8 54144.60672451 24.462
 56 292.529074   6.178267    36.449    36.424  7 54179.60671660 28.947
 57 292.530021   6.179501    41.148    41.398  8 54214.60673196 27.065
 58 292.530095   6.178770    44.490    44.447  7 54249.60675960 28.708
 59 292.531946   6.180553    48.322    48.327  8 54284.60676720 33.048
 60 292.532638   6.181068    47.790    47.796  8 54319.60676436 38.395
 61 292.531336   6.179461    46.775    46.714  8 54354.60672756 34.686
 62 292.532312   6.181580    45.441    45.453  8 54389.60670475 30.849
 63 292.530954   6.180520    44.914    44.825  8 54424.60667760 23.802
 64 292.532705   6.181401    41.739    41.822  8 54459.60668031 24.386
 65 292.531909   6.180904    40.173    41.006  8 54494.60668253 24.708
 66 292.534248   6.184164    37.096    37.016  8 54529.60669255 25.481
 67 292.530321   6.179526    36.798    36.732  8 54564.60668911 25.405
 68 292.531109   6.180452    40.313    40.297  8 54599.60668857 24.769
 69 292.529106   6.177779    45.404    45.410  8 54634.60670201 30.214
 70 292.529435   6.178346    49.181    49.189  8 54669.60670623 31.203
 71 292.532659   6.182341    47.360    47.269  8 54704.60666862 25.019
 72 292.531761   6.180658    45.256    45.247  8 54739.60666879 35.236
 73 292.532369   6.181923    43.519    43.514  8 54774.60665045 33.270
 74 292.531173   6.179804    44.354    44.334  8 54809.60666214 17.846
 75 292.530802   6.179643    41.006    41.388  8 54844.60664912 28.326
 76 292.529253   6.177904    40.434    40.685  8 54879.60666635 25.564
 77 292.527681   6.175841    37.863    38.142  7 54914.60665366 25.510
 79 292.528377   6.176823    41.488    41.450  8 54984.60668363 17.193
 80 292.532594   6.183004    46.423    46.407  8 55019.60667798 30.966
 81 292.532477   6.182211    47.688    47.666  8 55054.60667405 37.423
 82 292.529255   6.177471    45.751    45.765  8 55089.60663553 29.901
 83 292.532580   6.182185    43.854    44.175  8 55124.60661216 24.641
 84 292.529507   6.178568    43.097    42.689  8 55159.60659636 21.301
 85 292.531288   6.180097    39.969    40.401  8 55194.60660245 24.558
 86 292.529000   6.178019    37.623    36.714  8 55229.60659919 26.080
 87 292.532046   6.181434    36.419    36.341  8 55264.60659743 32.045
 88 292.531591   6.181434    42.412    41.809  8 55299.60658027 21.958
 89 292.529724   6.178894    45.039    44.678  7 55334.60657504 21.539
 90 292.531668   6.180453    47.285    47.195  8 55369.60656589 25.637
 91 292.532897   6.182502    48.414    48.444  8 55404.60658232 36.115
 92 292.532516   6.181688    47.671    47.714  8 55439.60658374 27.569
 93 292.531680   6.181327    44.366    44.348  8 55474.60653004 32.853
