#    0.000   0.000   0.000 ;Mean Elev.(m), Avg Gradient(m/km), RMS Gradient(m/km) - SRTM1     
#    0.000   0.000   0.000 ;Mean Elev.(m), Avg Gradient(m/km), RMS Gradient(m/km) - ASTER GDEM
#   21.000  -0.986   6.862 ;Mean Elev.(m), Avg Gradient(m/km), RMS Gradient(m/km) - GMTED2010 
  6    30.125 52438.09750786 23.11 293.771356   7.617835 34.178
  6    29.777 52438.09750850 20.82 293.770616   7.621135 34.178
  6    29.315 52438.09750915 20.00 293.769886   7.624445 34.178
  6    29.609 52438.09750979 19.13 293.769146   7.627745 34.178
  7    33.952 52473.09750723 36.84 293.777060   7.614751 27.762
  7    33.539 52473.09750788 30.66 293.776320   7.618051 27.762
  7    33.083 52473.09750852 27.32 293.775590   7.621361 27.762
  7    33.382 52473.09750917 25.85 293.774850   7.624661 27.762
  8    34.192 52508.09747750 36.31 293.782315   7.614522 31.217
  8    33.698 52508.09747814 31.51 293.781575   7.617822 31.217
  8    33.188 52508.09747878 30.98 293.780845   7.621132 31.217
  8    32.619 52508.09747943 28.72 293.780105   7.624432 31.217
  9    32.552 52543.09746163 33.43 293.788005   7.617097 31.917
  9    32.125 52543.09746227 34.88 293.787265   7.620397 31.917
 11    27.275 52613.09747733 27.64 293.778798   7.616359 27.111
 11    27.200 52613.09747798 23.52 293.778058   7.619659 27.111
 11    27.374 52613.09747862 20.10 293.777328   7.622969 27.111
 11    27.498 52613.09747927 19.09 293.776588   7.626269 27.111
 12    23.850 52648.09746018 17.51 293.782390   7.616978 27.339
 12    24.876 52648.09746083 18.45 293.781660   7.620288 27.339
 12    24.821 52648.09746147 23.86 293.780920   7.623588 27.339
 13    25.361 52683.09743479 17.97 293.788927   7.615440  8.440
 13    25.157 52683.09743544 17.33 293.788197   7.618750  8.440
 13    22.580 52683.09743608 26.28 293.787457   7.622050  8.440
 14    24.205 52718.09749229 15.89 293.778135   7.617065 14.138
 14    24.131 52718.09749294 19.19 293.777405   7.620375 14.138
 14    23.080 52718.09749358 22.80 293.776665   7.623675 14.138
 15    23.652 52753.09751717 45.26 293.769529   7.617090 11.553
 15    23.714 52753.09751781 27.31 293.768799   7.620400 11.553
 15    23.764 52753.09751846 24.10 293.768059   7.623700 11.553
 15    23.775 52753.09751910 24.52 293.767329   7.627010 11.553
 15    23.921 52753.09751975 24.56 293.766589   7.630310 11.553
 16    29.539 52788.09746302 47.02 293.778821   7.615764 34.320
 16    29.423 52788.09746366 47.93 293.778091   7.619074 34.320
 16    29.514 52788.09746431 44.97 293.777351   7.622374 34.320
 16    29.479 52788.09746495 44.64 293.776611   7.625684 34.320
 17    31.315 52823.09753448 29.06 293.780860   7.615405 28.587
 17    30.898 52823.09753512 26.49 293.780120   7.618705 28.587
 17    30.533 52823.09753577 22.02 293.779390   7.622015 28.587
 17    29.915 52823.09753641 19.60 293.778650   7.625315 28.587
 18    34.061 52858.09758122 37.28 293.783437   7.616251 28.178
 18    33.866 52858.09758186 34.58 293.782697   7.619551 28.178
 18    33.750 52858.09758251 36.10 293.781967   7.622861 28.178
 19    33.660 52893.09761312 32.50 293.777604   7.616610 28.968
 19    33.337 52893.09761376 31.55 293.776864   7.619910 28.968
 19    33.335 52893.09761440 31.96 293.776134   7.623220 28.968
 19    33.463 52893.09761505 32.34 293.775394   7.626520 28.968
 20    32.069 52928.09756391 48.33 293.779325   7.615945 30.781
 20    31.944 52928.09756455 46.98 293.778585   7.619245 30.781
 20    31.928 52928.09756520 47.27 293.777855   7.622555 30.781
 20    31.922 52928.09756584 46.17 293.777115   7.625855 30.781
 21    30.579 52963.09754062 27.44 293.786147   7.617034 35.624
 21    30.141 52963.09754126 21.31 293.785417   7.620334 35.624
 22    26.719 52998.09757983 16.58 293.776763   7.616381 26.413
 22    26.239 52998.09758048 17.25 293.776023   7.619681 26.413
 22    26.018 52998.09758112 20.37 293.775293   7.622991 26.413
 22    26.302 52998.09758177 22.24 293.774553   7.626291 26.413
 23    22.872 53033.09753505 22.70 293.780178   7.614510 29.520
 23    23.071 53033.09753570 22.91 293.779438   7.617810 29.520
 23    23.359 53033.09753634 21.93 293.778708   7.621120 29.520
 23    23.354 53033.09753699 29.74 293.777968   7.624420 29.520
 24    21.735 53068.09754780 42.18 293.783398   7.614209 20.880
 24    22.130 53068.09754845 19.99 293.782668   7.617519 20.880
 24    22.006 53068.09754909 22.45 293.781928   7.620819 20.880
 24    22.093 53068.09754974 31.17 293.781198   7.624129 20.880
 25    23.015 53103.09753695 21.60 293.779360   7.614698 17.029
 25    22.361 53103.09753759 26.01 293.778620   7.617998 17.029
 25    22.409 53103.09753824 26.80 293.777890   7.621308 17.029
 25    22.966 53103.09753888 29.84 293.777150   7.624608 17.029
 26    27.280 53138.09755192 41.05 293.784300   7.614699 19.433
 26    27.420 53138.09755257 31.27 293.783560   7.617999 19.433
 26    26.988 53138.09755321 22.47 293.782830   7.621309 19.433
 27    31.517 53173.09759615 26.97 293.778865   7.616775 29.137
 27    31.153 53173.09759680 23.21 293.778125   7.620075 29.137
 27    30.507 53173.09759744 20.21 293.777395   7.623385 29.137
 28    33.813 53208.09761109 47.67 293.779545   7.614414 35.000
 28    33.749 53208.09761173 47.30 293.778805   7.617714 35.000
 28    33.740 53208.09761238 45.68 293.778075   7.621024 35.000
 28    33.720 53208.09761302 46.09 293.777335   7.624324 35.000
 29    34.026 53243.09757848 32.87 293.784295   7.614812 29.206
 29    33.669 53243.09757912 31.11 293.783555   7.618112 29.206
 29    33.140 53243.09757977 28.42 293.782825   7.621422 29.206
 30    32.899 53278.09755430 35.84 293.780288   7.614152 36.062
 30    32.607 53278.09755495 30.56 293.779558   7.617452 36.062
 30    32.453 53278.09755559 27.62 293.778818   7.620762 36.062
 30    32.542 53278.09755624 26.83 293.778088   7.624062 36.062
 31    29.936 53313.09758538 23.23 293.778685   7.617269 26.637
 31    29.422 53313.09758603 19.70 293.777955   7.620579 26.637
 31    29.011 53313.09758667 17.07 293.777215   7.623879 26.637
 32    27.531 53348.09755061 26.86 293.783602   7.615669 33.252
 32    25.812 53348.09755126 20.41 293.782862   7.618969 33.252
 32    26.816 53348.09755190 17.14 293.782132   7.622279 33.252
 33    23.156 53383.09751861 27.53 293.781223   7.616078 26.377
 33    23.756 53383.09751926 22.61 293.780483   7.619378 26.377
 33    24.231 53383.09751990 21.88 293.779743   7.622688 26.377
 34    25.150 53418.09752956 16.22 293.789222   7.614714 14.051
 34    25.035 53418.09753020 18.00 293.788482   7.618014 14.051
 34    23.583 53418.09753085 23.94 293.787752   7.621324 14.051
 35    24.462 53453.09753290 12.96 293.782205   7.616769 13.999
 35    25.423 53453.09753354 15.27 293.781475   7.620079 13.999
 35    22.919 53453.09753419 25.68 293.780735   7.623379 13.999
 36    27.260 53488.09761875 43.87 293.772575   7.618271 17.958
 36    27.298 53488.09761939 43.81 293.771835   7.621571 17.958
 36    27.280 53488.09762004 42.91 293.771105   7.624881 17.958
 36    27.298 53488.09762068 42.41 293.770365   7.628181 17.958
 37    29.914 53523.09760742 37.29 293.784045   7.614597 27.651
 37    29.481 53523.09760806 23.81 293.783315   7.617907 27.651
 37    28.814 53523.09760870 20.48 293.782575   7.621207 27.651
 38    31.675 53558.09763387 36.58 293.773613   7.617350 34.665
 38    31.549 53558.09763451 37.24 293.772883   7.620660 34.665
 38    31.313 53558.09763516 38.20 293.772143   7.623960 34.665
 38    31.397 53558.09763580 35.97 293.771413   7.627270 34.665
 39    32.718 53593.09757015 51.48 293.788988   7.616172 44.546
 39    32.658 53593.09757080 51.85 293.788248   7.619472 44.546
 39    32.642 53593.09757144 49.65 293.787518   7.622782 44.546
 40    31.996 53628.09756228 26.69 293.773210   7.618151 33.385
 40    31.643 53628.09756293 23.45 293.772470   7.621451 33.385
 40    31.486 53628.09756357 20.86 293.771730   7.624761 33.385
 40    32.147 53628.09756422 19.44 293.771000   7.628061 33.385
 41    28.774 53663.09758652 22.82 293.777736   7.616632 28.344
 41    28.788 53663.09758716 18.91 293.777006   7.619942 28.344
 41    28.628 53663.09758780 19.28 293.776266   7.623242 28.344
 41    28.786 53663.09758845 17.89 293.775536   7.626552 28.344
 42    29.378 53698.09754868 24.79 293.782389   7.616109 27.768
 42    28.692 53698.09754933 21.87 293.781649   7.619409 27.768
 42    28.246 53698.09754997 17.42 293.780919   7.622719 27.768
 43    26.578 53733.09747072 17.12 293.786986   7.614030 20.931
 43    26.172 53733.09747136 18.33 293.786256   7.617340 20.931
 43    25.415 53733.09747200 21.79 293.785516   7.620640 20.931
 44    25.393 53768.09745018 19.11 293.786758   7.616527 16.854
 44    25.727 53768.09745083 19.37 293.786028   7.619837 16.854
 45    25.210 53803.09744831 16.45 293.786038   7.615992 12.549
 45    26.065 53803.09744895 17.39 293.785308   7.619302 12.549
 45    23.156 53803.09744960 26.73 293.784568   7.622602 12.549
 46    25.026 53838.09746364 40.77 293.779577   7.616798 17.893
 46    24.981 53838.09746429 38.68 293.778837   7.620098 17.893
 46    25.058 53838.09746493 36.62 293.778107   7.623408 17.893
 47    28.869 53873.09751342 49.42 293.781519   7.615903 48.641
 47    28.709 53873.09751407 48.35 293.780779   7.619203 48.641
 47    28.724 53873.09751471 47.90 293.780049   7.622513 48.641
 48    30.803 53908.09755611 30.14 293.776039   7.617217 25.517
 48    30.645 53908.09755675 30.89 293.775299   7.620517 25.517
 48    30.808 53908.09755740 30.33 293.774569   7.623827 25.517
 48    30.836 53908.09755804 28.40 293.773829   7.627127 25.517
 49    33.319 53943.09758187 28.05 293.770943   7.618935 31.094
 49    33.021 53943.09758252 27.48 293.770213   7.622245 31.094
 49    33.394 53943.09758316 26.02 293.769473   7.625545 31.094
 49    33.690 53943.09758381 25.12 293.768743   7.628855 31.094
 50    34.230 53978.09753240 50.24 293.779839   7.615692 37.926
 50    34.241 53978.09753305 50.45 293.779099   7.618992 37.926
 50    34.255 53978.09753369 51.19 293.778369   7.622302 37.926
 50    34.261 53978.09753434 49.25 293.777629   7.625602 37.926
 51    31.370 54013.09754194 30.02 293.781662   7.616503 24.615
 51    31.161 54013.09754258 29.26 293.780932   7.619813 24.615
 51    31.168 54013.09754323 30.47 293.780192   7.623113 24.615
 52    29.845 54048.09755014 30.64 293.788173   7.615137 24.479
 52    29.301 54048.09755078 29.43 293.787433   7.618437 24.479
 52    29.075 54048.09755143 30.78 293.786703   7.621747 24.479
 54    26.155 54118.09747324 19.15 293.782860   7.615202 23.562
 54    25.824 54118.09747389 17.79 293.782130   7.618512 23.562
 54    23.914 54118.09747453 23.55 293.781390   7.621812 23.562
 55    25.273 54153.09749705 15.83 293.780150   7.615637 19.274
 55    22.405 54153.09749769 20.70 293.779410   7.618937 19.274
 55    22.090 54153.09749834 31.73 293.778680   7.622247 19.274
 55    22.947 54153.09749898 35.67 293.777940   7.625547 19.274
 57    26.040 54223.09750675 33.27 293.779902   7.615179 10.500
 57    26.116 54223.09750740 34.92 293.779162   7.618479 10.500
 57    25.933 54223.09750804 35.08 293.778432   7.621789 10.500
 57    25.836 54223.09750869 34.09 293.777692   7.625089 10.500
 58    29.201 54258.09752941 23.26 293.780993   7.617190 35.476
 58    21.964 54258.09753005 24.60 293.780263   7.620500 35.476
 58    28.976 54258.09753070 19.63 293.779523   7.623800 35.476
 59    32.483 54293.09753176 31.93 293.782259   7.617168 33.516
 59    32.079 54293.09753240 28.18 293.781519   7.620468 33.516
 59    31.632 54293.09753305 27.03 293.780789   7.623778 33.516
 60    33.532 54328.09752660 44.26 293.783846   7.615776 31.230
 60    33.513 54328.09752725 39.75 293.783116   7.619086 31.230
 60    33.513 54328.09752789 42.48 293.782376   7.622386 31.230
 61    33.029 54363.09747477 50.41 293.783193   7.614081 40.696
 61    32.887 54363.09747541 48.77 293.782453   7.617381 40.696
 61    32.857 54363.09747606 48.27 293.781723   7.620691 40.696
 61    32.841 54363.09747670 48.20 293.780983   7.623991 40.696
 62    31.384 54398.09746631 46.97 293.783320   7.615710 42.505
 62    31.372 54398.09746695 48.09 293.782590   7.619020 42.505
 62    31.384 54398.09746760 45.15 293.781850   7.622320 42.505
 63    28.288 54433.09742446 24.81 293.784028   7.616410 28.627
 63    21.956 54433.09742510 24.67 293.783288   7.619710 28.627
 63    27.340 54433.09742575 18.55 293.782558   7.623020 28.627
 64    24.777 54468.09744889 21.16 293.783233   7.616813 30.787
 64    25.855 54468.09744954 16.96 293.782493   7.620113 30.787
 64    25.855 54468.09745018 20.82 293.781763   7.623423 30.787
 66    24.558 54538.09746401 24.45 293.783411   7.615188 10.857
 66    25.859 54538.09746466 16.15 293.782671   7.618488 10.857
 66    22.505 54538.09746530 25.21 293.781941   7.621798 10.857
 67    25.692 54573.09744194 16.05 293.783166   7.616877  9.086
 67    25.516 54573.09744259 18.72 293.782436   7.620187  9.086
 67    22.518 54573.09744323 25.44 293.781696   7.623487  9.086
 68    26.053 54608.09745768 26.53 293.781635   7.614359 12.940
 68    25.910 54608.09745833 27.98 293.780895   7.617659 12.940
 68    25.923 54608.09745897 28.62 293.780165   7.620969 12.940
 68    26.030 54608.09745962 30.59 293.779425   7.624269 12.940
 69    30.334 54643.09746613 37.84 293.781214   7.616272 33.857
 69    30.263 54643.09746678 39.20 293.780474   7.619572 33.857
 69    30.179 54643.09746742 40.02 293.779744   7.622882 33.857
 70    33.478 54678.09746811 30.33 293.780231   7.616917 34.194
 70    33.134 54678.09746875 28.88 293.779491   7.620217 34.194
 70    32.942 54678.09746940 25.93 293.778761   7.623527 34.194
 71    33.349 54713.09742078 49.99 293.784675   7.614261 37.749
 71    33.251 54713.09742143 44.78 293.783935   7.617561 37.749
 71    33.217 54713.09742207 47.67 293.783205   7.620871 37.749
 72    31.249 54748.09743677 47.03 293.780945   7.614528 25.551
 72    31.080 54748.09743741 43.99 293.780215   7.617828 25.551
 72    31.098 54748.09743806 45.46 293.779475   7.621138 25.551
 72    31.041 54748.09743870 47.05 293.778735   7.624438 25.551
 73    29.690 54783.09740721 47.56 293.783471   7.615228 38.731
 73    29.761 54783.09740785 45.76 293.782741   7.618538 38.731
 73    29.735 54783.09740850 47.51 293.782001   7.621838 38.731
 74    26.658 54818.09742957 24.14 293.781528   7.616650 35.913
 74    27.267 54818.09743021 19.21 293.780788   7.619950 35.913
 74    27.888 54818.09743086 17.49 293.780058   7.623260 35.913
 75    26.110 54853.09740500 23.89 293.783143   7.615241 29.664
 75    24.358 54853.09740565 19.82 293.782413   7.618551 29.664
 75    24.687 54853.09740629 28.19 293.781673   7.621851 29.664
 76    23.619 54888.09743374 17.58 293.780374   7.615078 18.628
 76    23.555 54888.09743439 21.12 293.779634   7.618378 18.628
 76    23.822 54888.09743503 28.06 293.778904   7.621688 18.628
 76    23.881 54888.09743568 38.17 293.778164   7.624988 18.628
 77    25.497 54923.09740506 16.99 293.780855   7.616796 13.866
 77    27.035 54923.09740570 16.91 293.780125   7.620106 13.866
 77    24.151 54923.09740635 25.51 293.779385   7.623406 13.866
 78    25.743 54958.09743147 23.00 293.779710   7.616507 11.203
 78    25.879 54958.09743212 24.57 293.778980   7.619817 11.203
 78    25.952 54958.09743276 37.67 293.778240   7.623117 11.203
 79    26.781 54993.09745404 24.81 293.778637   7.616755 13.874
 79    26.966 54993.09745469 31.21 293.777907   7.620065 13.874
 79    26.944 54993.09745533 28.23 293.777167   7.623365 13.874
 80    31.379 55028.09744371 50.60 293.782173   7.615764 42.351
 80    31.283 55028.09744435 51.71 293.781433   7.619064 42.351
 80    31.278 55028.09744500 51.34 293.780703   7.622374 42.351
 81    32.701 55063.09743645 29.25 293.782029   7.616759 33.440
 81    32.314 55063.09743709 26.25 293.781289   7.620059 33.440
 81    32.342 55063.09743773 23.55 293.780559   7.623369 33.440
 82    31.457 55098.09738313 49.75 293.781470   7.617084 43.631
 82    31.327 55098.09738377 49.79 293.780740   7.620394 43.631
 82    31.348 55098.09738442 50.04 293.780000   7.623694 43.631
 83    19.929 55133.09737953 25.68 293.781184   7.615865 35.288
 83    27.499 55133.09738017 19.57 293.780444   7.619165 35.288
 83    27.768 55133.09738082 18.27 293.779714   7.622475 35.288
 84    26.636 55168.09734460 28.02 293.784162   7.615089 31.854
 84    24.992 55168.09734524 20.44 293.783422   7.618389 31.854
 84    25.250 55168.09734589 27.86 293.782692   7.621699 31.854
 85    23.391 55203.09737243 25.83 293.780833   7.615698 18.035
 85    23.399 55203.09737307 26.08 293.780093   7.618998 18.035
 85    23.323 55203.09737371 40.41 293.779363   7.622308 18.035
 85    23.661 55203.09737436 35.94 293.778623   7.625608 18.035
 86    20.859 55238.09735253 29.84 293.781857   7.615863  9.526
 86    21.190 55238.09735317 25.74 293.781127   7.619173  9.526
 86    21.755 55238.09735382 26.17 293.780387   7.622473  9.526
 87    21.107 55273.09736548 24.73 293.781917   7.614757  8.255
 87    21.385 55273.09736612 27.19 293.781187   7.618067  8.255
 87    21.979 55273.09736677 28.25 293.780447   7.621367  8.255
 87    21.682 55273.09736741 27.59 293.779717   7.624677  8.255
 88    25.969 55308.09733529 27.84 293.783630   7.614566 13.602
 88    26.005 55308.09733593 28.29 293.782900   7.617876 13.602
 88    25.860 55308.09733658 29.27 293.782160   7.621176 13.602
 89    29.555 55343.09733563 25.48 293.782638   7.615440 31.008
 89    29.448 55343.09733627 25.02 293.781908   7.618750 31.008
 89    27.511 55343.09733692 21.78 293.781168   7.622050 31.008
 90    32.438 55378.09732960 31.40 293.782363   7.616689 30.701
 90    32.153 55378.09733025 30.32 293.781623   7.619989 30.701
 90    32.187 55378.09733089 30.20 293.780893   7.623299 30.701
 91    34.157 55413.09735368 31.99 293.782200   7.614436 33.176
 91    33.892 55413.09735432 31.50 293.781460   7.617736 33.176
 91    33.530 55413.09735497 31.17 293.780730   7.621046 33.176
 91    33.696 55413.09735561 29.83 293.779990   7.624346 33.176
 92    33.932 55448.09734336 42.47 293.783317   7.614152 47.754
 92    33.901 55448.09734400 36.20 293.782577   7.617452 47.754
 92    33.874 55448.09734465 42.70 293.781847   7.620762 47.754
 92    33.884 55448.09734529 46.17 293.781107   7.624062 47.754
 93    30.121 55483.09727210 25.52 293.783952   7.617099 25.474
 93    29.656 55483.09727274 23.14 293.783212   7.620399 25.474
 93    30.046 55483.09727338 19.99 293.782482   7.623709 25.474
