#    0.000   0.000   0.000 ;Mean Elev.(m), Avg Gradient(m/km), RMS Gradient(m/km) - SRTM1     
#    0.000   0.000   0.000 ;Mean Elev.(m), Avg Gradient(m/km), RMS Gradient(m/km) - ASTER GDEM
#   21.000  -0.986   6.862 ;Mean Elev.(m), Avg Gradient(m/km), RMS Gradient(m/km) - GMTED2010 
  6 293.770251   7.622790    29.706    29.693  4 52438.09750883 21.032
  7 293.775955   7.619706    33.489    33.460  4 52473.09750820 32.380
  8 293.781210   7.619477    33.424    33.443  4 52508.09747846 32.838
  9 293.787635   7.618747    32.339    32.339  2 52543.09746195 34.215
 11 293.777693   7.621314    27.337    27.325  4 52613.09747830 23.932
 12 293.781657   7.620285    24.516    24.821  3 52648.09746083 20.906
 13 293.788194   7.618747    24.366    25.157  3 52683.09743544 22.564
 14 293.777402   7.620372    23.805    24.131  3 52718.09749294 20.175
 15 293.768060   7.623700    23.765    23.764  5 52753.09751846 38.443
 16 293.777718   7.620724    29.489    29.496  4 52788.09746399 46.359
 17 293.779755   7.620360    30.665    30.716  4 52823.09753545 25.745
 18 293.782700   7.619554    33.892    33.866  3 52858.09758186 36.124
 19 293.776499   7.621565    33.449    33.400  4 52893.09761408 32.103
 20 293.778220   7.620900    31.966    31.936  4 52928.09756488 47.257
 21 293.785782   7.618684    30.360    30.360  2 52963.09754094 25.377
 22 293.775658   7.621336    26.320    26.270  4 52998.09758080 19.719
 23 293.779073   7.619465    23.164    23.213  4 53033.09753602 25.681
 24 293.782298   7.619169    21.991    22.049  4 53068.09754877 36.557
 25 293.778255   7.619653    22.688    22.688  4 53103.09753791 26.959
 26 293.783563   7.618002    27.229    27.280  3 53138.09755257 36.767
 27 293.778128   7.620078    31.059    31.153  3 53173.09759680 24.325
 28 293.778440   7.619369    33.756    33.745  4 53208.09761205 46.763
 29 293.783558   7.618115    33.612    33.669  3 53243.09757912 31.165
 30 293.779188   7.619107    32.625    32.574  4 53278.09755527 31.786
 31 293.777952   7.620576    29.456    29.422  3 53313.09758603 20.727
 32 293.782865   7.618972    26.720    26.816  3 53348.09755126 23.337
 33 293.780483   7.619381    23.714    23.756  3 53383.09751926 24.785
 34 293.788485   7.618017    24.589    25.035  3 53418.09753020 20.703
 35 293.781472   7.620076    24.268    24.462  3 53453.09753354 21.495
 36 293.771470   7.623226    27.284    27.289  4 53488.09761971 43.293
 37 293.783312   7.617904    29.403    29.481  3 53523.09760806 32.795
 38 293.772513   7.622310    31.484    31.473  4 53558.09763483 37.077
 39 293.788251   7.619475    32.673    32.658  3 53593.09757080 51.094
 40 293.772102   7.623106    31.818    31.819  4 53628.09756325 23.511
 41 293.776636   7.621592    28.744    28.780  4 53663.09758748 20.165
 42 293.781652   7.619412    28.772    28.692  3 53698.09754933 22.307
 43 293.786253   7.617337    26.055    26.172  3 53733.09747136 19.552
 44 293.786393   7.618182    25.560    25.560  2 53768.09745051 19.242
 45 293.785305   7.619299    24.810    25.210  3 53803.09744895 22.787
 46 293.778840   7.620101    25.022    25.026  3 53838.09746429 39.015
 47 293.780782   7.619206    28.767    28.724  3 53873.09751407 48.604
 48 293.774934   7.622172    30.773    30.806  4 53908.09755707 30.034
 49 293.769843   7.623895    33.356    33.357  4 53943.09758284 26.819
 50 293.778734   7.620647    34.247    34.248  4 53978.09753337 50.337
 51 293.780929   7.619810    31.233    31.168  3 54013.09754258 29.945
 52 293.787436   7.618440    29.407    29.301  3 54048.09755078 30.324
 54 293.782127   7.618509    25.298    25.824  3 54118.09747389 20.897
 55 293.779045   7.620592    23.179    22.676  4 54153.09749802 31.251
 57 293.778797   7.620134    25.981    25.987  4 54223.09750772 34.399
 58 293.780260   7.620497    26.714    28.976  3 54258.09753005 22.953
 59 293.781522   7.620471    32.065    32.079  3 54293.09753240 29.577
 60 293.783113   7.619083    33.519    33.513  3 54328.09752725 42.537
 61 293.782088   7.619036    32.903    32.872  4 54363.09747573 49.010
 62 293.782587   7.619017    31.380    31.384  3 54398.09746695 46.900
 63 293.783291   7.619713    25.861    27.340  3 54433.09742510 23.473
 64 293.782496   7.620116    25.496    25.855  3 54468.09744954 20.015
 66 293.782674   7.618491    24.307    24.558  3 54538.09746466 23.369
 67 293.782433   7.620184    24.575    25.516  3 54573.09744259 21.900
 68 293.780530   7.619314    25.979    25.977  4 54608.09745865 28.679
 69 293.780477   7.619575    30.259    30.263  3 54643.09746678 39.111
 70 293.779494   7.620220    33.185    33.134  3 54678.09746875 28.738
 71 293.783938   7.617564    33.272    33.251  3 54713.09742143 47.978
 72 293.779842   7.619483    31.117    31.089  4 54748.09743774 46.058
 73 293.782738   7.618535    29.729    29.735  3 54783.09740785 47.020
 74 293.780791   7.619953    27.271    27.267  3 54818.09743021 21.237
 75 293.782410   7.618548    25.052    24.687  3 54853.09740565 25.229
 76 293.779269   7.620033    23.719    23.721  4 54888.09743471 32.665
 77 293.780122   7.620103    25.561    25.497  3 54923.09740570 21.806
 78 293.778977   7.619814    25.858    25.879  3 54958.09743212 33.245
 79 293.777904   7.620062    26.897    26.944  3 54993.09745469 28.826
 80 293.781436   7.619067    31.313    31.283  3 55028.09744435 51.241
 81 293.781292   7.620062    32.452    32.342  3 55063.09743709 26.959
 82 293.780737   7.620391    31.377    31.348  3 55098.09738377 49.862
 83 293.780447   7.619168    25.065    27.499  3 55133.09738017 22.451
 84 293.783425   7.618392    25.626    25.250  3 55168.09734524 26.550
 85 293.779728   7.620653    23.443    23.395  4 55203.09737339 35.940
 86 293.781124   7.619170    21.268    21.190  3 55238.09735317 27.666
 87 293.780817   7.619717    21.538    21.533  4 55273.09736644 27.125
 88 293.782897   7.617873    25.945    25.969  3 55308.09733593 28.508
 89 293.781905   7.618747    28.838    29.448  3 55343.09733627 24.375
 90 293.781626   7.619992    32.259    32.187  3 55378.09733025 30.674
 91 293.781095   7.619391    33.819    33.794  4 55413.09735465 31.193
 92 293.782212   7.619107    33.898    33.893  4 55448.09734433 43.110
 93 293.783215   7.620402    29.941    30.046  3 55483.09727274 23.439
