#    0.000   0.000   0.000 ;Mean Elev.(m), Avg Gradient(m/km), RMS Gradient(m/km) - SRTM1     
#    0.000   0.000   0.000 ;Mean Elev.(m), Avg Gradient(m/km), RMS Gradient(m/km) - ASTER GDEM
#    9.577  -4.289   9.826 ;Mean Elev.(m), Avg Gradient(m/km), RMS Gradient(m/km) - GMTED2010 
  7 296.532795   8.162125    27.430    27.191  6 52467.08961937  2.670
  8 296.533289   8.160300    51.908    49.641  5 52502.08961063  6.151
  9 296.532438   8.159378    31.874    32.983  5 52537.08959605 29.946
 10 296.531629   8.160508    43.455    44.102  4 52572.08963338  3.804
 11 296.536319   8.165129    45.727    45.731  6 52607.08959226  7.355
 12 296.531885   8.161177    37.659    43.562  6 52642.08958977  8.385
 13 296.536517   8.161006    43.935    43.947  3 52677.08957628  3.142
 14 296.531536   8.160900    40.905    44.292  7 52712.08960771  6.978
 15 296.526185   8.157542    47.583    44.189  5 52747.08963371  2.842
 16 296.531053   8.160439    54.961    57.861  7 52782.08957359  6.887
 17 296.530645   8.158721    50.367    52.965  7 52817.08965265  5.181
 18 296.534701   8.158433    44.031    46.028  5 52852.08970309 10.893
 20 296.534592   8.159370    50.717    50.030  5 52922.08969246  6.465
 21 296.538339   8.163791    45.121    44.100  5 52957.08965837  4.835
 22 296.537442   8.164829    46.740    46.726  4 52992.08967919  3.912
 23 296.540393   8.165461    38.569    46.305  5 53027.08964528  8.063
 24 296.539412   8.166280    39.983    45.083  6 53062.08965447  6.639
 25 296.529037   8.159538    46.407    43.022  6 53097.08967689  5.780
 26 296.540545   8.169045    22.163    16.227  5 53132.08965186 12.018
 28 296.532979   8.159825    50.448    51.312  5 53202.08972862  4.192
 29 296.540259   8.166410    41.489    48.541  5 53237.08969849 20.264
 30 296.535614   8.161637    41.072    40.463  5 53272.08965467 15.052
 31 296.528047   8.159494    45.298    43.789  4 53307.08971901  3.912
 32 296.533517   8.162581    42.824    41.957  6 53342.08968659  5.656
 33 296.535787   8.164488    47.042    47.434  5 53377.08962117  3.490
 35 296.532193   8.163273    48.406    46.872  6 53447.08964657  4.425
 36 296.526792   8.160161    50.937    48.286  6 53482.08973150  3.037
 37 296.534044   8.163514    45.771    45.969  5 53517.08973443  4.309
 38 296.527855   8.160454    47.627    45.137  5 53552.08975474  6.564
 39 296.537097   8.165358    39.908    43.626  6 53587.08970890 14.398
 40 296.527199   8.157868    51.918    50.747  6 53622.08967379  4.382
 41 296.532056   8.159671    47.686    44.600  5 53657.08970186  4.089
 42 296.532981   8.159651    46.746    42.317  6 53692.08968732  5.691
 43 296.537033   8.164346    38.284    45.699  5 53727.08961168  9.898
 44 296.539293   8.167617    53.009    51.640  5 53762.08956577  5.764
 45 296.537625   8.164953    47.378    47.217  4 53797.08957773  3.074
 47 296.531734   8.159363    54.639    56.408  7 53867.08963543  6.301
 48 296.532730   8.161103    42.439    44.322  7 53902.08966575  6.412
 49 296.524012   8.159047    50.271    48.217  5 53937.08970406  9.334
 50 296.530441   8.161965    51.350    51.303  5 53972.08966902 13.911
 52 296.537629   8.163600    38.529    45.758  5 54042.08967912 12.315
 53 296.534496   8.163226    50.829    48.575  6 54077.08967288  3.919
 56 296.534510   8.162306    46.110    45.586  7 54182.08960056  5.481
 57 296.532055   8.163293    46.017    46.255  6 54217.08962396  4.985
 58 296.532598   8.162785    47.733    45.046  7 54252.08965031  7.794
 59 296.534951   8.165227    38.842    42.447  6 54287.08965573 12.781
 60 296.535315   8.163143    58.857    60.470  6 54322.08965217 12.474
 61 296.535742   8.163701    51.023    47.645  5 54357.08961147  6.590
 62 296.534909   8.161662    46.824    43.488  5 54392.08959238  6.773
 63 296.535547   8.162390    46.002    46.728  5 54427.08956108  4.372
 64 296.534782   8.161616    47.609    45.518  6 54462.08956991  5.241
 65 296.535806   8.162174    37.629    44.401  5 54497.08956890  8.827
 66 296.535268   8.164805    50.130    47.808  6 54532.08958353  5.776
 67 296.535105   8.163515    40.388    45.292  7 54567.08957443  6.217
 68 296.533432   8.162228    52.539    52.519  6 54602.08957907  4.970
 69 296.533133   8.161276    47.938    45.594  6 54637.08958999  4.310
 70 296.533548   8.160491    48.824    44.932  5 54672.08959327  6.853
 71 296.536382   8.162451    44.650    41.406  4 54707.08955350 10.275
 72 296.533997   8.162108    43.603    43.824  5 54742.08955851  7.695
 73 296.535834   8.164826    31.476    36.298  5 54777.08953452 17.039
 76 296.532826   8.162182    42.597    45.208  7 54882.08955499  7.477
 77 296.533339   8.160370    45.283    44.572  5 54917.08953715  3.165
 79 296.531374   8.161652    44.642    44.847  6 54987.08957362  4.668
 80 296.535131   8.165467    56.007    55.256  6 55022.08956635  8.313
 81 296.534797   8.162629    49.558    46.709  6 55057.08956239  7.907
 82 296.534584   8.161206    37.825    34.833  5 55092.08951872 13.512
 83 296.534316   8.162615    38.929    44.029  5 55127.08950167 10.517
 84 296.534515   8.161701    45.035    44.130  5 55162.08947968  4.756
 85 296.533126   8.162836    46.164    45.870  6 55197.08949301  5.561
 86 296.533984   8.162740    44.852    47.741  7 55232.08948373  5.707
 87 296.534655   8.161554    46.065    45.780  6 55267.08948709  4.126
 88 296.535545   8.164707    55.560    54.130  6 55302.08946499  7.438
 89 296.533997   8.161536    48.776    46.632  6 55337.08946251  3.684
 90 296.535428   8.162381    47.190    42.860  5 55372.08945193  8.644
 91 296.535163   8.163596    38.538    39.628  5 55407.08947228 33.794
 92 296.534702   8.163790    36.834    41.976  4 55442.08947175 23.025
 93 296.536410   8.162631    48.718    45.166  5 55477.08941241  5.303
