#    0.000   0.000   0.000 ;Mean Elev.(m), Avg Gradient(m/km), RMS Gradient(m/km) - SRTM1     
#    0.000   0.000   0.000 ;Mean Elev.(m), Avg Gradient(m/km), RMS Gradient(m/km) - ASTER GDEM
#   79.525  -1.121   6.523 ;Mean Elev.(m), Avg Gradient(m/km), RMS Gradient(m/km) - GMTED2010 
  7    87.309 52460.10276582 48.45 292.428763   4.002927 28.701
  7    87.267 52460.10276647 50.27 292.428033   4.006227 28.701
  7    87.216 52460.10276711 51.95 292.427313   4.009537 28.701
  7    87.154 52460.10276776 52.64 292.426583   4.012837 28.701
  7    87.113 52460.10276840 48.36 292.425853   4.016147 28.701
  9    86.279 52530.10274306 44.62 292.423883   4.004187 25.965
  9    86.171 52530.10274371 46.85 292.423153   4.007497 25.965
  9    86.273 52530.10274435 37.67 292.422423   4.010807 25.965
  9    86.348 52530.10274500 46.18 292.421693   4.014107 25.965
 10    81.590 52565.10276072 40.32 292.433606   4.004222 15.081
 10    81.717 52565.10276137 45.09 292.432876   4.007532 15.081
 10    81.537 52565.10276201 47.39 292.432146   4.010832 15.081
 10    81.607 52565.10276266 45.80 292.431416   4.014142 15.081
 11    83.219 52600.10278781 49.04 292.419150   4.005327 14.331
 11    83.188 52600.10278845 48.97 292.418420   4.008637 14.331
 11    83.311 52600.10278910 41.37 292.417690   4.011937 14.331
 11    83.243 52600.10278974 44.59 292.416960   4.015247 14.331
 12    80.699 52635.10274446 49.42 292.422586   4.004185 21.361
 12    80.786 52635.10274511 49.99 292.421856   4.007495 21.361
 12    80.498 52635.10274575 53.13 292.421126   4.010795 21.361
 12    80.674 52635.10274640 49.51 292.420396   4.014105 21.361
 13    79.189 52670.10275443 46.35 292.423152   4.005982 21.506
 13    79.034 52670.10275508 41.15 292.422422   4.009292 21.506
 13    79.306 52670.10275572 45.61 292.421692   4.012602 21.506
 14    79.312 52705.10274373 46.98 292.427971   4.004083 26.335
 14    78.873 52705.10274437 51.32 292.427241   4.007393 26.335
 14    79.045 52705.10274502 35.02 292.426511   4.010693 26.335
 14    79.269 52705.10274566 51.95 292.425781   4.014003 26.335
 15    79.064 52740.10277906 34.51 292.423244   4.005751 23.771
 15    79.010 52740.10277971 33.97 292.422514   4.009051 23.771
 15    79.073 52740.10278035 42.31 292.421784   4.012361 23.771
 15    78.922 52740.10278100 49.02 292.421054   4.015661 23.771
 16    83.556 52775.10272611 49.76 292.430071   4.003246 19.924
 16    83.515 52775.10272675 51.13 292.429341   4.006556 19.924
 16    83.560 52775.10272740 50.73 292.428611   4.009856 19.924
 16    83.428 52775.10272804 50.03 292.427891   4.013166 19.924
 17    85.625 52810.10280093 51.08 292.421764   4.004830 33.870
 17    85.716 52810.10280158 53.31 292.421034   4.008130 33.870
 17    85.638 52810.10280222 52.63 292.420304   4.011440 33.870
 17    85.624 52810.10280287 52.92 292.419574   4.014740 33.870
 18    87.293 52845.10285723 36.87 292.423692   4.005883 25.471
 18    87.282 52845.10285788 51.18 292.422962   4.009183 25.471
 18    87.256 52845.10285852 53.33 292.422232   4.012493 25.471
 18    87.215 52845.10285917 50.16 292.421502   4.015793 25.471
 19    87.231 52880.10289448 49.21 292.422745   4.004345 24.702
 19    87.295 52880.10289513 50.54 292.422015   4.007655 24.702
 19    87.326 52880.10289577 49.74 292.421285   4.010955 24.702
 19    87.336 52880.10289641 48.81 292.420555   4.014265 24.702
 20    85.456 52915.10285160 49.63 292.429779   4.002991 26.880
 20    85.483 52915.10285224 50.95 292.429049   4.006301 26.880
 20    85.458 52915.10285288 48.47 292.428319   4.009611 26.880
 20    85.402 52915.10285353 51.82 292.427589   4.012911 26.880
 21    83.237 52950.10281143 22.34 292.429459   4.005073  5.944
 21    83.379 52950.10281208 22.61 292.428729   4.008383  5.944
 21    83.473 52950.10281272 23.54 292.427999   4.011683  5.944
 21    83.406 52950.10281337 23.00 292.427269   4.014993  5.944
 22    81.833 52985.10283564 50.66 292.431010   4.004429 16.630
 22    81.862 52985.10283628 51.43 292.430290   4.007739 16.630
 22    81.852 52985.10283693 50.88 292.429560   4.011039 16.630
 22    81.804 52985.10283757 50.35 292.428830   4.014349 16.630
 23    80.849 53020.10282636 46.07 292.427908   4.002961 17.538
 23    80.920 53020.10282700 51.59 292.427178   4.006261 17.538
 23    80.533 53020.10282765 49.27 292.426448   4.009571 17.538
 23    80.913 53020.10282829 46.84 292.425728   4.012871 17.538
 24    79.198 53055.10281340 20.73 292.429967   4.004408 10.193
 24    79.167 53055.10281404 23.12 292.429237   4.007708 10.193
 24    79.177 53055.10281469 23.07 292.428507   4.011018 10.193
 24    79.238 53055.10281533 25.18 292.427777   4.014328 10.193
 25    79.354 53090.10285076 41.86 292.417613   4.003658 19.779
 25    79.131 53090.10285141 49.25 292.416883   4.006958 19.779
 25    79.151 53090.10285205 49.47 292.416163   4.010268 19.779
 25    78.971 53090.10285270 51.81 292.415433   4.013578 19.779
 26    81.708 53125.10282090 46.28 292.426677   4.002953 18.554
 26    81.530 53125.10282154 51.72 292.425947   4.006253 18.554
 26    81.538 53125.10282219 53.51 292.425217   4.009563 18.554
 26    81.614 53125.10282283 48.45 292.424487   4.012873 18.554
 27    85.163 53160.10288212 49.47 292.418543   4.004133 26.077
 27    85.051 53160.10288276 52.44 292.417813   4.007443 26.077
 27    84.976 53160.10288341 51.70 292.417083   4.010743 26.077
 27    84.979 53160.10288405 51.81 292.416353   4.014053 26.077
 28    86.596 53195.10287792 42.91 292.428259   4.003063 20.304
 28    86.532 53195.10287856 44.26 292.427529   4.006373 20.304
 28    86.661 53195.10287921 45.39 292.426799   4.009673 20.304
 28    86.681 53195.10287985 49.53 292.426069   4.012983 20.304
 29    86.721 53230.10286600 49.10 292.430663   4.003632 27.511
 29    86.664 53230.10286664 50.52 292.429943   4.006942 27.511
 29    86.609 53230.10286729 50.07 292.429213   4.010242 27.511
 29    86.761 53230.10286793 50.62 292.428483   4.013552 27.511
 30    85.599 53265.10283735 24.12 292.423715   4.004836 19.363
 30    85.409 53265.10283799 23.52 292.422985   4.008146 19.363
 30    85.322 53265.10283864 22.51 292.422255   4.011446 19.363
 30    85.776 53265.10283928 23.96 292.421535   4.014756 19.363
 31    83.075 53300.10288512 51.39 292.415113   4.004784 29.961
 31    83.146 53300.10288577 52.81 292.414383   4.008094 29.961
 31    83.192 53300.10288641 51.25 292.413653   4.011394 29.961
 31    83.160 53300.10288706 51.90 292.412923   4.014704 29.961
 32    81.378 53335.10285484 31.97 292.424899   4.004904 15.139
 32    81.286 53335.10285548 36.71 292.424169   4.008214 15.139
 32    81.332 53335.10285613 41.86 292.423439   4.011524 15.139
 32    81.174 53335.10285677 44.58 292.422709   4.014824 15.139
 33    80.362 53370.10279373 47.73 292.428120   4.003604 19.489
 33    80.430 53370.10279437 51.75 292.427390   4.006914 19.489
 33    80.228 53370.10279502 44.48 292.426660   4.010214 19.489
 33    80.416 53370.10279566 49.54 292.425940   4.013524 19.489
 35    80.340 53440.10281425 45.95 292.426386   4.003739 18.956
 35    80.285 53440.10281490 50.62 292.425656   4.007039 18.956
 35    80.097 53440.10281554 40.03 292.424936   4.010349 18.956
 35    80.366 53440.10281618 47.79 292.424206   4.013659 18.956
 36    81.275 53475.10287782 49.38 292.420030   4.005683 21.611
 36    81.116 53475.10287846 51.04 292.419300   4.008983 21.611
 36    81.011 53475.10287911 52.62 292.418570   4.012293 21.611
 36    80.898 53475.10287975 46.15 292.417840   4.015593 21.611
 37    84.505 53510.10289407 49.44 292.424900   4.003869 23.982
 37    84.477 53510.10289471 51.24 292.424180   4.007169 23.982
 37    84.456 53510.10289536 50.77 292.423450   4.010479 23.982
 37    84.355 53510.10289600 52.32 292.422720   4.013789 23.982
 38    85.263 53545.10291116 53.71 292.420382   4.005867 31.656
 38    85.323 53545.10291180 52.30 292.419652   4.009177 31.656
 38    85.245 53545.10291245 52.02 292.418922   4.012477 31.656
 40    86.250 53615.10284189 30.51 292.422462   4.005050 21.349
 40    86.381 53615.10284253 32.27 292.421732   4.008350 21.349
 40    86.552 53615.10284318 37.90 292.421012   4.011660 21.349
 40    86.467 53615.10284382 42.01 292.420282   4.014970 21.349
 41    82.854 53650.10285157 36.98 292.426724   4.004459 19.059
 41    82.742 53650.10285222 45.24 292.425994   4.007769 19.059
 41    82.531 53650.10285286 50.42 292.425264   4.011069 19.059
 41    82.713 53650.10285351 50.18 292.424534   4.014379 19.059
 42    82.291 53685.10286210 44.71 292.420571   4.003261 20.657
 42    82.405 53685.10286275 51.26 292.419841   4.006561 20.657
 42    82.320 53685.10286339 54.39 292.419111   4.009871 20.657
 42    82.355 53685.10286404 52.98 292.418381   4.013181 20.657
 43    81.771 53720.10278815 44.94 292.429153   4.002566 16.367
 43    81.462 53720.10278880 47.56 292.428423   4.005876 16.367
 43    81.491 53720.10278944 42.88 292.427693   4.009176 16.367
 43    81.586 53720.10279009 47.49 292.426973   4.012486 16.367
 43    81.526 53720.10279073 46.19 292.426243   4.015796 16.367
 44    81.406 53755.10271264 50.78 292.432731   4.004395 16.078
 44    81.314 53755.10271329 50.22 292.432001   4.007695 16.078
 44    81.464 53755.10271393 50.66 292.431271   4.011005 16.078
 44    81.391 53755.10271458 49.39 292.430541   4.014315 16.078
 45    80.914 53790.10274206 45.92 292.430073   4.002403 18.353
 45    80.723 53790.10274270 50.46 292.429353   4.005703 18.353
 45    80.772 53790.10274335 47.71 292.428623   4.009013 18.353
 45    80.933 53790.10274399 49.87 292.427893   4.012323 18.353
 45    80.804 53790.10274464 48.04 292.427163   4.015623 18.353
 46    80.803 53825.10269866 49.92 292.430228   4.004164 20.127
 46    81.042 53825.10269931 49.99 292.429498   4.007474 20.127
 46    81.003 53825.10269995 47.54 292.428768   4.010774 20.127
 46    80.954 53825.10270059 53.18 292.428038   4.014084 20.127
 47    81.393 53860.10279245 46.83 292.421668   4.003328 21.634
 47    81.090 53860.10279310 52.40 292.420931   4.006638 17.675
 47    81.059 53860.10279374 49.97 292.420211   4.009938 17.675
 47    81.194 53860.10279439 52.26 292.419481   4.013248 17.675
 48    85.610 53895.10281012 48.19 292.427675   4.002668 19.953
 48    85.391 53895.10281077 52.46 292.426945   4.005978 19.953
 48    85.530 53895.10281141 49.15 292.426215   4.009278 19.953
 48    85.458 53895.10281206 49.52 292.425485   4.012588 19.953
 48    85.423 53895.10281270 47.22 292.424755   4.015888 19.953
 49    86.928 53930.10286449 46.31 292.415381   4.002930 28.056
 49    86.701 53930.10286513 51.42 292.414648   4.006241 24.447
 49    86.865 53930.10286578 51.20 292.413918   4.009541 24.447
 49    86.778 53930.10286642 50.26 292.413198   4.012851 24.447
 50    87.437 53965.10284295 51.05 292.418753   4.004658 29.712
 50    87.523 53965.10284360 51.06 292.418023   4.007958 29.712
 50    87.519 53965.10284424 52.22 292.417292   4.011270 21.924
 50    87.454 53965.10284489 52.71 292.416562   4.014570 21.924
 51    85.123 54000.10279879 50.48 292.427384   4.004164 16.399
 51    85.018 54000.10279944 48.84 292.426654   4.007464 16.399
 51    85.178 54000.10280008 50.28 292.425924   4.010774 16.399
 51    85.110 54000.10280073 51.23 292.425194   4.014074 16.399
 52    83.544 54035.10284234 45.90 292.428128   4.002719 22.071
 52    83.391 54035.10284298 48.61 292.427398   4.006019 22.071
 52    83.334 54035.10284363 49.27 292.426661   4.009330 16.330
 52    83.333 54035.10284427 48.77 292.425941   4.012630 16.330
 52    83.215 54035.10284492 48.86 292.425211   4.015940 16.330
 53    82.942 54070.10283611 46.05 292.427352   4.002855 15.118
 53    82.870 54070.10283675 48.85 292.426622   4.006155 15.118
 53    82.825 54070.10283740 48.60 292.425888   4.009465 11.366
 53    82.739 54070.10283804 48.24 292.425158   4.012765 11.366
 53    82.684 54070.10283869 47.15 292.424438   4.016075 11.366
 54    80.609 54105.10279105 49.88 292.424920   4.004982 14.860
 54    80.429 54105.10279170 46.56 292.424190   4.008292 14.860
 54    80.615 54105.10279234 48.85 292.423460   4.011592 14.860
 54    80.432 54105.10279299 44.42 292.422733   4.014902 11.381
 55    79.335 54140.10276897 53.18 292.424268   4.005785 18.089
 55    79.345 54140.10276962 41.81 292.423548   4.009085 18.089
 55    79.896 54140.10277026 43.41 292.422818   4.012395 18.089
 55    79.559 54140.10277090 48.34 292.422088   4.015695 18.089
 56    79.422 54175.10277085 50.72 292.424984   4.003966 20.013
 56    78.886 54175.10277149 49.24 292.424264   4.007266 20.013
 56    79.331 54175.10277214 37.65 292.423534   4.010576 20.013
 56    79.525 54175.10277278 43.51 292.422804   4.013886 20.013
 57    80.844 54210.10277490 47.07 292.423625   4.004638 19.808
 57    80.755 54210.10277555 45.15 292.422895   4.007948 19.808
 57    80.759 54210.10277619 39.57 292.422165   4.011248 19.808
 57    80.898 54210.10277684 44.95 292.421435   4.014558 19.808
 58    83.691 54245.10280615 19.72 292.424749   4.005558 12.867
 58    83.391 54245.10280680 20.49 292.424019   4.008868 12.867
 58    83.669 54245.10280744 21.69 292.423289   4.012168 12.867
 58    84.052 54245.10280809 22.62 292.422559   4.015478 12.867
 59    87.072 54280.10281722 49.90 292.425470   4.003326 26.524
 59    87.147 54280.10281786 50.89 292.424740   4.006636 26.524
 59    87.092 54280.10281851 50.16 292.424010   4.009946 26.524
 59    87.076 54280.10281915 50.75 292.423280   4.013246 26.524
 60    87.366 54315.10281600 46.90 292.427510   4.002574 23.972
 60    87.249 54315.10281665 47.73 292.426790   4.005874 23.972
 60    87.187 54315.10281729 40.94 292.426060   4.009184 23.972
 60    87.171 54315.10281794 40.95 292.425330   4.012494 23.972
 60    87.133 54315.10281858 49.11 292.424600   4.015794 23.972
 61    86.267 54350.10278532 51.94 292.425764   4.005474 27.849
 61    86.146 54350.10278597 54.63 292.425034   4.008774 27.849
 61    86.338 54350.10278661 52.35 292.424314   4.012084 27.849
 61    86.282 54350.10278726 51.89 292.423584   4.015394 27.849
 62    85.111 54385.10275470 49.33 292.426450   4.003533 19.860
 62    85.148 54385.10275535 53.04 292.425720   4.006833 19.860
 62    85.083 54385.10275599 52.38 292.424983   4.010143 18.845
 62    85.000 54385.10275664 53.47 292.424263   4.013443 18.845
 63    82.441 54420.10273457 48.72 292.425200   4.004258 22.633
 63    82.484 54420.10273521 49.93 292.424470   4.007568 22.633
 63    82.476 54420.10273586 52.32 292.423740   4.010868 22.633
 63    82.423 54420.10273650 50.33 292.423010   4.014179 11.904
 64    81.500 54455.10272671 44.15 292.425544   4.005118 10.057
 64    81.489 54455.10272736 47.32 292.424824   4.008427  9.933
 64    81.354 54455.10272800 43.45 292.424094   4.011727  9.933
 64    81.279 54455.10272865 38.46 292.423364   4.015037  9.933
 65    80.493 54490.10273450 46.76 292.426976   4.002774 16.500
 65    80.321 54490.10273515 49.23 292.426246   4.006074 16.500
 65    80.299 54490.10273579 46.44 292.425526   4.009384 16.500
 65    80.357 54490.10273644 46.23 292.424796   4.012694 16.500
 65    80.338 54490.10273708 47.22 292.424066   4.015994 16.500
 66    80.559 54525.10273912 43.50 292.427228   4.003237 21.354
 66    80.338 54525.10273976 45.19 292.426498   4.006537 21.354
 66    80.165 54525.10274040 41.41 292.425768   4.009847 21.354
 66    80.180 54525.10274105 52.15 292.425038   4.013147 21.354
 67    79.984 54560.10274372 49.95 292.425489   4.003608 21.080
 67    79.904 54560.10274437 50.78 292.424759   4.006918 21.080
 67    79.803 54560.10274501 40.73 292.424029   4.010218 21.080
 67    80.101 54560.10274566 49.04 292.423299   4.013528 21.080
 68    81.910 54595.10273608 47.09 292.424644   4.005086 21.829
 68    81.706 54595.10273672 50.96 292.423914   4.008396 21.829
 68    81.789 54595.10273737 49.04 292.423184   4.011696 21.829
 68    81.642 54595.10273801 50.45 292.422464   4.015006 21.829
 69    85.422 54630.10274956 46.77 292.424796   4.002790 23.072
 69    85.184 54630.10275021 52.13 292.424066   4.006090 23.072
 69    85.305 54630.10275085 50.70 292.423336   4.009400 23.072
 69    85.271 54630.10275150 50.86 292.422606   4.012700 23.072
 70    87.233 54665.10275635 41.09 292.423406   4.004172 19.383
 70    87.250 54665.10275699 41.68 292.422676   4.007472 19.383
 70    87.144 54665.10275764 41.60 292.421946   4.010782 19.383
 70    87.282 54665.10275828 41.47 292.421216   4.014082 19.383
 71    87.172 54700.10272705 52.58 292.427113   4.004833 26.653
 71    87.100 54700.10272770 45.43 292.426383   4.008143 26.653
 71    87.305 54700.10272834 38.83 292.425653   4.011443 26.653
 71    87.222 54700.10272899 47.96 292.424923   4.014753 26.653
 72    84.271 54735.10271560 53.17 292.424627   4.005323 27.618
 72    84.264 54735.10271625 49.70 292.423897   4.008633 27.618
 72    84.188 54735.10271689 51.90 292.423167   4.011933 27.618
 72    84.168 54735.10271754 49.93 292.422437   4.015243 27.618
 73    83.180 54770.10270681 50.91 292.426546   4.004789 17.492
 73    83.197 54770.10270745 51.19 292.425816   4.008099 17.492
 73    83.118 54770.10270810 49.10 292.425086   4.011399 17.492
 73    82.958 54770.10270874 50.17 292.424356   4.014709 17.492
 74    83.283 54805.10270846 49.92 292.424101   4.003271 21.705
 74    83.148 54805.10270910 49.55 292.423371   4.006571 21.705
 74    83.309 54805.10270975 50.87 292.422641   4.009881 21.705
 74    83.319 54805.10271039 49.61 292.421911   4.013181 21.705
 75    81.908 54840.10270190 51.12 292.425975   4.004081 20.333
 75    81.825 54840.10270254 52.27 292.425245   4.007391 20.333
 75    81.878 54840.10270319 51.40 292.424515   4.010691 20.333
 75    81.742 54840.10270383 52.15 292.423785   4.014001 20.333
 76    81.051 54875.10270941 48.69 292.424365   4.004018 22.056
 76    81.101 54875.10271006 48.83 292.423635   4.007328 22.056
 76    81.260 54875.10271070 46.71 292.422905   4.010628 22.056
 76    81.105 54875.10271134 47.85 292.422175   4.013938 22.056
 77    80.630 54910.10270748 51.13 292.424065   4.004807 20.228
 77    80.674 54910.10270812 52.37 292.423335   4.008117 20.228
 77    80.786 54910.10270877 49.50 292.422605   4.011417 20.228
 77    80.704 54910.10270941 51.37 292.421875   4.014727 20.228
 78    81.286 54945.10270240 32.18 292.423405   4.004205 20.332
 78    81.684 54945.10270304 34.96 292.422675   4.007515 20.332
 78    81.669 54945.10270369 45.76 292.421945   4.010815 20.332
 78    81.685 54945.10270433 47.47 292.421215   4.014125 20.332
 79    81.061 54980.10272924 22.80 292.423960   4.004328 18.183
 79    81.254 54980.10272988 31.80 292.423230   4.007638 18.183
 79    81.254 54980.10273053 42.84 292.422500   4.010938 18.183
 79    81.308 54980.10273117 44.45 292.421770   4.014248 18.183
 80    84.710 55015.10273155 48.75 292.425344   4.003094 21.551
 80    84.570 55015.10273220 51.16 292.424614   4.006404 21.551
 80    84.677 55015.10273284 51.23 292.423884   4.009704 21.551
 80    84.606 55015.10273348 51.95 292.423154   4.013014 21.551
 81    85.834 55050.10272599 30.15 292.426001   4.004947 22.165
 81    85.798 55050.10272663 26.93 292.425271   4.008257 22.165
 81    85.823 55050.10272728 28.15 292.424541   4.011567 22.165
 81    86.036 55050.10272792 29.31 292.423811   4.014867 22.165
 82    84.255 55085.10269299 23.43 292.425532   4.004132 12.309
 82    84.048 55085.10269364 20.07 292.424812   4.007442 12.309
 82    84.093 55085.10269428 20.12 292.424082   4.010742 12.309
 82    84.487 55085.10269492 20.35 292.423352   4.014052 12.309
 83    81.552 55120.10265825 23.25 292.426754   4.003568 17.595
 83    81.901 55120.10265890 23.85 292.426024   4.006878 17.595
 83    82.259 55120.10265954 27.39 292.425294   4.010188 17.595
 83    82.563 55120.10266019 38.71 292.424564   4.013488 17.595
 84    80.481 55155.10265214 51.57 292.424456   4.005037 18.850
 84    80.363 55155.10265279 51.04 292.423726   4.008347 18.850
 84    80.738 55155.10265343 48.22 292.422996   4.011647 18.850
 84    80.661 55155.10265408 49.92 292.422266   4.014957 18.850
 85    79.681 55190.10264826 50.31 292.423933   4.005677 23.285
 85    79.621 55190.10264891 45.23 292.423203   4.008987 23.285
 85    79.870 55190.10264955 47.45 292.422473   4.012287 23.285
 85    79.682 55190.10265020 50.10 292.421743   4.015597 23.285
 86    79.263 55225.10265233 47.51 292.424829   4.004770 20.012
 86    79.342 55225.10265297 44.40 292.424099   4.008080 20.012
 86    79.552 55225.10265362 41.31 292.423369   4.011380 20.012
 86    79.447 55225.10265426 46.56 292.422639   4.014690 20.012
 87    78.907 55260.10264315 43.98 292.426223   4.003874 22.452
 87    78.863 55260.10264380 44.54 292.425493   4.007174 22.452
 87    78.980 55260.10264444 40.29 292.424763   4.010484 22.452
 87    79.110 55260.10264509 48.22 292.424033   4.013784 22.452
 88    79.498 55295.10263844 49.74 292.425359   4.005255 22.645
 88    79.318 55295.10263908 45.08 292.424629   4.008565 22.645
 88    79.672 55295.10263973 45.65 292.423899   4.011865 22.645
 88    79.611 55295.10264037 50.54 292.423169   4.015175 22.645
 89    84.904 55330.10262560 46.61 292.423361   4.003149 20.875
 89    84.827 55330.10262625 49.52 292.422631   4.006449 20.875
 89    84.725 55330.10262689 51.58 292.421901   4.009759 20.875
 89    84.718 55330.10262754 50.64 292.421171   4.013059 20.875
 90    86.086 55365.10261886 46.53 292.426231   4.002619 24.952
 90    85.973 55365.10261950 51.33 292.425501   4.005929 24.952
 90    86.014 55365.10262015 54.09 292.424771   4.009229 24.952
 90    85.954 55365.10262079 51.27 292.424041   4.012539 24.952
 90    85.970 55365.10262143 50.61 292.423311   4.015839 24.952
 91    86.750 55400.10263042 31.74 292.424930   4.003627 29.888
 91    86.455 55400.10263106 26.80 292.424200   4.006927 29.888
 91    86.447 55400.10263170 26.21 292.423470   4.010237 29.888
 91    87.165 55400.10263235 36.46 292.422740   4.013537 29.888
 92    87.532 55435.10263628 46.30 292.426921   4.005487 22.874
 92    87.476 55435.10263692 48.53 292.426191   4.008787 22.874
 92    87.612 55435.10263757 49.65 292.425461   4.012097 22.874
 92    87.437 55435.10263821 49.62 292.424731   4.015397 22.874
 93    84.757 55470.10258940 45.33 292.426952   4.002805 15.342
 93    84.770 55470.10259005 46.21 292.426232   4.006115 15.342
 93    84.708 55470.10259069 47.74 292.425502   4.009425 15.342
 93    84.554 55470.10259134 46.34 292.424772   4.012725 15.342
 93    84.576 55470.10259198 40.58 292.424042   4.016035 15.342
